34.0,71.0
48.0,90.0
50.0,59.0
51.0,49.0
60.0,60.0
63.0,55.0
63.0,53.0
63.0,28.0
64.0,3.0
64.0,39.0
65.0,65.0
65.0,66.0
65.0,43.0
66.0,22.0
66.0,26.0
68.0,88.0
68.0,55.0
69.0,73.0
69.0,50.0
70.0,80.0
70.0,58.0
70.0,41.0
70.0,45.0
70.0,56.0
70.0,64.0
70.0,46.0
71.0,71.0
71.0,34.0
71.0,57.0
71.0,81.0
71.0,55.0
71.0,44.0
71.0,60.0
72.0,21.0
72.0,68.0
72.0,67.0
72.0,30.0
72.0,59.0
72.0,81.0
72.0,72.0
72.0,71.0
72.0,73.0
73.0,65.0
73.0,50.0
73.0,40.0
73.0,35.0
73.0,100.0
73.0,100.0
73.0,52.0
73.0,37.0
74.0,75.0
74.0,36.0
74.0,35.0
74.0,24.0
74.0,33.0
74.0,46.0
74.0,22.0
75.0,40.0
75.0,61.0
75.0,23.0
75.0,46.0
75.0,79.0
75.0,92.0
75.0,51.0
75.0,33.0
75.0,89.0
75.0,59.0
75.0,83.0
75.0,27.0
75.0,49.0
76.0,55.0
76.0,42.0
76.0,37.0
76.0,62.0
76.0,44.0
76.0,21.0
76.0,45.0
76.0,95.0
76.0,68.0
76.0,74.0
76.0,49.0
76.0,30.0
76.0,33.0
77.0,21.0
77.0,48.0
77.0,37.0
77.0,23.0
77.0,77.0
77.0,82.0
77.0,40.0
77.0,41.0
77.0,39.0
77.0,92.0
77.0,63.0
77.0,87.0
77.0,37.0
77.0,99.0
77.0,33.0
77.0,41.0
77.0,21.0
77.0,69.0
78.0,52.0
78.0,85.0
78.0,59.0
78.0,58.0
78.0,51.0
78.0,88.0
78.0,34.0
78.0,83.0
78.0,67.0
78.0,54.0
78.0,47.0
78.0,78.0
78.0,52.0
78.0,85.0
78.0,27.0
78.0,23.0
78.0,38.0
78.0,41.0
78.0,44.0
78.0,26.0
78.0,82.0
79.0,63.0
79.0,69.0
79.0,18.0
79.0,24.0
79.0,44.0
79.0,65.0
79.0,97.0
79.0,60.0
79.0,34.0
79.0,19.0
79.0,73.0
79.0,47.0
79.0,27.0
79.0,19.0
79.0,100.0
79.0,32.0
79.0,80.0
80.0,59.0
80.0,45.0
80.0,50.0
80.0,21.0
80.0,19.0
80.0,20.0
80.0,26.0
80.0,100.0
80.0,56.0
80.0,89.0
80.0,66.0
80.0,40.0
80.0,32.0
80.0,66.0
80.0,35.0
80.0,27.0
80.0,22.0
80.0,30.0
80.0,85.0
80.0,23.0
80.0,82.0
80.0,52.0
80.0,49.0
80.0,72.0
80.0,18.0
80.0,22.0
81.0,23.0
81.0,61.0
81.0,43.0
81.0,56.0
81.0,61.0
81.0,88.0
81.0,44.0
81.0,32.0
81.0,90.0
81.0,49.0
81.0,48.0
81.0,48.0
81.0,33.0
81.0,25.0
81.0,43.0
81.0,47.0
81.0,12.0
81.0,21.0
81.0,24.0
81.0,51.0
81.0,43.0
81.0,63.0
81.0,60.0
81.0,69.0
81.0,64.0
81.0,60.0
81.0,45.0
81.0,46.0
81.0,45.0
81.0,44.0
81.0,28.0
81.0,58.0
81.0,46.0
82.0,65.0
82.0,24.0
82.0,87.0
82.0,72.0
82.0,28.0
82.0,47.0
82.0,37.0
82.0,55.0
82.0,44.0
82.0,44.0
82.0,87.0
82.0,97.0
82.0,72.0
82.0,83.0
82.0,49.0
82.0,37.0
82.0,44.0
82.0,59.0
82.0,100.0
82.0,39.0
82.0,52.0
82.0,91.0
82.0,75.0
82.0,66.0
82.0,52.0
82.0,84.0
82.0,66.0
82.0,48.0
82.0,20.0
82.0,47.0
82.0,73.0
82.0,67.0
82.0,43.0
82.0,93.0
82.0,16.0
82.0,66.0
82.0,52.0
82.0,50.0
82.0,57.0
82.0,43.0
83.0,41.0
83.0,63.0
83.0,28.0
83.0,24.0
83.0,55.0
83.0,44.0
83.0,45.0
83.0,75.0
83.0,78.0
83.0,56.0
83.0,12.0
83.0,66.0
83.0,76.0
83.0,50.0
83.0,70.0
83.0,32.0
83.0,18.0
83.0,90.0
83.0,59.0
83.0,86.0
83.0,82.0
83.0,23.0
83.0,22.0
83.0,45.0
83.0,44.0
83.0,63.0
83.0,74.0
83.0,21.0
83.0,98.0
83.0,58.0
83.0,66.0
83.0,75.0
83.0,63.0
83.0,18.0
83.0,70.0
83.0,24.0
83.0,68.0
83.0,25.0
83.0,76.0
83.0,75.0
83.0,32.0
83.0,44.0
83.0,28.0
83.0,62.0
83.0,62.0
83.0,48.0
84.0,59.0
84.0,72.0
84.0,39.0
84.0,48.0
84.0,44.0
84.0,67.0
84.0,41.0
84.0,42.0
84.0,73.0
84.0,99.0
84.0,15.0
84.0,31.0
84.0,17.0
84.0,53.0
84.0,42.0
84.0,77.0
84.0,41.0
84.0,33.0
84.0,36.0
84.0,49.0
84.0,41.0
84.0,52.0
84.0,33.0
84.0,43.0
84.0,42.0
84.0,100.0
84.0,89.0
84.0,41.0
84.0,60.0
84.0,86.0
84.0,46.0
84.0,45.0
84.0,42.0
84.0,62.0
84.0,34.0
84.0,35.0
84.0,49.0
84.0,84.0
84.0,49.0
84.0,43.0
84.0,64.0
84.0,54.0
84.0,55.0
84.0,60.0
84.0,32.0
84.0,68.0
84.0,26.0
84.0,46.0
84.0,24.0
84.0,94.0
84.0,61.0
84.0,31.0
84.0,57.0
84.0,40.0
84.0,28.0
84.0,72.0
84.0,32.0
84.0,69.0
84.0,14.0
84.0,25.0
84.0,82.0
84.0,67.0
84.0,80.0
84.0,66.0
84.0,100.0
84.0,49.0
84.0,67.0
84.0,73.0
84.0,65.0
84.0,43.0
84.0,11.0
84.0,57.0
85.0,27.0
85.0,63.0
85.0,40.0
85.0,16.0
85.0,27.0
85.0,66.0
85.0,20.0
85.0,70.0
85.0,53.0
85.0,52.0
85.0,99.0
85.0,54.0
85.0,22.0
85.0,97.0
85.0,68.0
85.0,24.0
85.0,27.0
85.0,66.0
85.0,60.0
85.0,48.0
85.0,23.0
85.0,42.0
85.0,75.0
85.0,55.0
85.0,71.0
85.0,36.0
85.0,30.0
85.0,82.0
85.0,68.0
85.0,33.0
85.0,91.0
85.0,61.0
85.0,41.0
85.0,38.0
85.0,99.0
85.0,60.0
85.0,54.0
85.0,79.0
85.0,40.0
85.0,47.0
85.0,41.0
85.0,49.0
85.0,23.0
85.0,31.0
85.0,40.0
85.0,61.0
85.0,44.0
85.0,76.0
85.0,23.0
85.0,49.0
85.0,36.0
85.0,61.0
85.0,64.0
85.0,34.0
85.0,22.0
85.0,18.0
85.0,79.0
85.0,11.0
85.0,52.0
85.0,45.0
85.0,16.0
85.0,60.0
85.0,29.0
85.0,68.0
85.0,25.0
85.0,54.0
85.0,58.0
85.0,91.0
85.0,37.0
85.0,26.0
85.0,54.0
85.0,35.0
86.0,86.0
86.0,58.0
86.0,40.0
86.0,89.0
86.0,29.0
86.0,37.0
86.0,37.0
86.0,40.0
86.0,16.0
86.0,46.0
86.0,63.0
86.0,78.0
86.0,30.0
86.0,35.0
86.0,27.0
86.0,41.0
86.0,14.0
86.0,82.0
86.0,18.0
86.0,40.0
86.0,79.0
86.0,82.0
86.0,74.0
86.0,49.0
86.0,34.0
86.0,63.0
86.0,54.0
86.0,18.0
86.0,47.0
86.0,60.0
86.0,19.0
86.0,26.0
86.0,55.0
86.0,48.0
86.0,30.0
86.0,98.0
86.0,25.0
86.0,98.0
86.0,63.0
86.0,53.0
86.0,94.0
86.0,46.0
86.0,53.0
86.0,76.0
86.0,51.0
86.0,47.0
86.0,35.0
86.0,21.0
86.0,41.0
86.0,60.0
86.0,42.0
86.0,27.0
86.0,37.0
86.0,65.0
86.0,54.0
86.0,23.0
86.0,44.0
86.0,41.0
86.0,83.0
86.0,31.0
86.0,24.0
86.0,57.0
86.0,54.0
86.0,60.0
86.0,16.0
86.0,40.0
86.0,18.0
86.0,60.0
86.0,39.0
86.0,37.0
86.0,60.0
86.0,28.0
86.0,81.0
86.0,27.0
86.0,38.0
86.0,47.0
86.0,36.0
86.0,49.0
86.0,30.0
86.0,35.0
86.0,37.0
86.0,38.0
86.0,25.0
86.0,41.0
86.0,76.0
86.0,61.0
86.0,18.0
86.0,100.0
86.0,33.0
86.0,71.0
86.0,41.0
86.0,33.0
86.0,18.0
86.0,52.0
86.0,52.0
86.0,60.0
86.0,38.0
86.0,69.0
86.0,48.0
86.0,41.0
86.0,15.0
86.0,38.0
86.0,62.0
86.0,22.0
86.0,47.0
86.0,55.0
86.0,43.0
87.0,63.0
87.0,23.0
87.0,47.0
87.0,32.0
87.0,25.0
87.0,52.0
87.0,49.0
87.0,53.0
87.0,61.0
87.0,60.0
87.0,72.0
87.0,78.0
87.0,79.0
87.0,26.0
87.0,56.0
87.0,95.0
87.0,34.0
87.0,32.0
87.0,19.0
87.0,41.0
87.0,49.0
87.0,96.0
87.0,26.0
87.0,42.0
87.0,26.0
87.0,47.0
87.0,91.0
87.0,67.0
87.0,44.0
87.0,60.0
87.0,48.0
87.0,56.0
87.0,36.0
87.0,56.0
87.0,36.0
87.0,37.0
87.0,30.0
87.0,53.0
87.0,48.0
87.0,16.0
87.0,35.0
87.0,68.0
87.0,55.0
87.0,27.0
87.0,15.0
87.0,24.0
87.0,34.0
87.0,50.0
87.0,40.0
87.0,21.0
87.0,61.0
87.0,66.0
87.0,28.0
87.0,56.0
87.0,28.0
87.0,99.0
87.0,16.0
87.0,17.0
87.0,29.0
87.0,26.0
87.0,18.0
87.0,41.0
87.0,87.0
87.0,55.0
87.0,11.0
87.0,42.0
87.0,72.0
87.0,71.0
87.0,48.0
87.0,32.0
87.0,16.0
87.0,82.0
87.0,53.0
87.0,42.0
87.0,54.0
87.0,90.0
87.0,48.0
87.0,60.0
87.0,27.0
87.0,43.0
87.0,51.0
87.0,37.0
87.0,17.0
87.0,89.0
87.0,75.0
87.0,49.0
87.0,68.0
87.0,81.0
87.0,46.0
87.0,57.0
87.0,40.0
87.0,23.0
87.0,42.0
87.0,33.0
87.0,55.0
87.0,42.0
87.0,20.0
87.0,20.0
87.0,35.0
87.0,65.0
87.0,49.0
87.0,69.0
87.0,100.0
87.0,51.0
87.0,46.0
87.0,53.0
87.0,42.0
87.0,24.0
87.0,34.0
87.0,6.0
87.0,34.0
87.0,34.0
87.0,69.0
87.0,39.0
87.0,35.0
87.0,61.0
87.0,39.0
87.0,43.0
87.0,40.0
87.0,56.0
87.0,63.0
87.0,46.0
87.0,61.0
87.0,51.0
87.0,64.0
87.0,32.0
87.0,67.0
87.0,56.0
87.0,36.0
88.0,79.0
88.0,27.0
88.0,29.0
88.0,61.0
88.0,33.0
88.0,31.0
88.0,75.0
88.0,35.0
88.0,89.0
88.0,46.0
88.0,56.0
88.0,24.0
88.0,49.0
88.0,37.0
88.0,57.0
88.0,41.0
88.0,27.0
88.0,57.0
88.0,33.0
88.0,10.0
88.0,17.0
88.0,68.0
88.0,89.0
88.0,31.0
88.0,24.0
88.0,44.0
88.0,52.0
88.0,30.0
88.0,46.0
88.0,54.0
88.0,48.0
88.0,62.0
88.0,39.0
88.0,47.0
88.0,32.0
88.0,39.0
88.0,29.0
88.0,46.0
88.0,61.0
88.0,44.0
88.0,67.0
88.0,42.0
88.0,67.0
88.0,59.0
88.0,37.0
88.0,27.0
88.0,43.0
88.0,26.0
88.0,47.0
88.0,51.0
88.0,63.0
88.0,15.0
88.0,12.0
88.0,37.0
88.0,22.0
88.0,41.0
88.0,48.0
88.0,34.0
88.0,66.0
88.0,21.0
88.0,19.0
88.0,50.0
88.0,39.0
88.0,29.0
88.0,48.0
88.0,40.0
88.0,46.0
88.0,34.0
88.0,48.0
88.0,41.0
88.0,36.0
88.0,52.0
88.0,32.0
88.0,56.0
88.0,64.0
88.0,31.0
88.0,33.0
88.0,29.0
88.0,47.0
88.0,26.0
88.0,74.0
88.0,24.0
88.0,58.0
88.0,52.0
88.0,87.0
88.0,28.0
88.0,40.0
88.0,54.0
88.0,95.0
88.0,21.0
88.0,40.0
88.0,26.0
88.0,56.0
88.0,53.0
88.0,76.0
88.0,51.0
88.0,22.0
88.0,39.0
88.0,10.0
88.0,66.0
88.0,52.0
88.0,58.0
88.0,44.0
88.0,68.0
88.0,36.0
88.0,18.0
88.0,39.0
88.0,100.0
88.0,74.0
88.0,87.0
88.0,20.0
88.0,49.0
88.0,79.0
88.0,32.0
88.0,12.0
88.0,69.0
88.0,52.0
88.0,46.0
88.0,35.0
88.0,51.0
88.0,34.0
88.0,29.0
88.0,34.0
88.0,54.0
88.0,38.0
88.0,41.0
88.0,28.0
88.0,49.0
88.0,25.0
88.0,22.0
88.0,23.0
88.0,37.0
88.0,37.0
88.0,30.0
88.0,23.0
88.0,24.0
88.0,55.0
88.0,56.0
88.0,41.0
88.0,35.0
88.0,48.0
88.0,53.0
88.0,34.0
88.0,52.0
88.0,14.0
88.0,73.0
88.0,23.0
88.0,62.0
88.0,13.0
88.0,31.0
88.0,21.0
88.0,34.0
88.0,49.0
89.0,50.0
89.0,33.0
89.0,38.0
89.0,78.0
89.0,20.0
89.0,65.0
89.0,15.0
89.0,93.0
89.0,44.0
89.0,46.0
89.0,40.0
89.0,55.0
89.0,40.0
89.0,24.0
89.0,43.0
89.0,62.0
89.0,29.0
89.0,74.0
89.0,39.0
89.0,25.0
89.0,45.0
89.0,61.0
89.0,66.0
89.0,23.0
89.0,23.0
89.0,28.0
89.0,24.0
89.0,50.0
89.0,21.0
89.0,30.0
89.0,83.0
89.0,35.0
89.0,39.0
89.0,28.0
89.0,84.0
89.0,24.0
89.0,22.0
89.0,52.0
89.0,56.0
89.0,26.0
89.0,18.0
89.0,24.0
89.0,57.0
89.0,19.0
89.0,40.0
89.0,51.0
89.0,20.0
89.0,50.0
89.0,65.0
89.0,28.0
89.0,58.0
89.0,51.0
89.0,41.0
89.0,55.0
89.0,43.0
89.0,21.0
89.0,42.0
89.0,34.0
89.0,60.0
89.0,41.0
89.0,33.0
89.0,44.0
89.0,21.0
89.0,57.0
89.0,58.0
89.0,65.0
89.0,19.0
89.0,41.0
89.0,47.0
89.0,29.0
89.0,35.0
89.0,71.0
89.0,47.0
89.0,15.0
89.0,24.0
89.0,33.0
89.0,8.0
89.0,33.0
89.0,16.0
89.0,47.0
89.0,62.0
89.0,25.0
89.0,44.0
89.0,73.0
89.0,17.0
89.0,44.0
89.0,26.0
89.0,49.0
89.0,20.0
89.0,49.0
89.0,35.0
89.0,59.0
89.0,49.0
89.0,25.0
89.0,46.0
89.0,23.0
89.0,73.0
89.0,70.0
89.0,20.0
89.0,55.0
89.0,42.0
89.0,15.0
89.0,39.0
89.0,57.0
89.0,27.0
89.0,27.0
89.0,30.0
89.0,17.0
89.0,32.0
89.0,66.0
89.0,34.0
89.0,52.0
89.0,58.0
89.0,57.0
89.0,77.0
89.0,49.0
89.0,66.0
89.0,37.0
89.0,5.0
89.0,73.0
89.0,33.0
89.0,44.0
89.0,27.0
89.0,69.0
89.0,67.0
89.0,42.0
89.0,32.0
89.0,67.0
89.0,38.0
89.0,68.0
89.0,71.0
89.0,40.0
89.0,56.0
89.0,36.0
89.0,38.0
89.0,48.0
89.0,23.0
89.0,47.0
89.0,51.0
89.0,70.0
89.0,44.0
89.0,17.0
89.0,47.0
89.0,29.0
89.0,36.0
89.0,38.0
89.0,10.0
89.0,29.0
89.0,14.0
89.0,49.0
89.0,21.0
89.0,62.0
89.0,51.0
89.0,44.0
89.0,19.0
89.0,29.0
89.0,39.0
89.0,25.0
89.0,53.0
89.0,79.0
89.0,34.0
89.0,46.0
89.0,77.0
89.0,8.0
89.0,33.0
89.0,34.0
89.0,27.0
89.0,39.0
89.0,35.0
89.0,44.0
89.0,24.0
89.0,31.0
89.0,42.0
89.0,37.0
89.0,57.0
89.0,29.0
89.0,41.0
89.0,67.0
90.0,75.0
90.0,59.0
90.0,42.0
90.0,39.0
90.0,33.0
90.0,56.0
90.0,58.0
90.0,22.0
90.0,61.0
90.0,34.0
90.0,28.0
90.0,14.0
90.0,8.0
90.0,33.0
90.0,17.0
90.0,18.0
90.0,41.0
90.0,41.0
90.0,13.0
90.0,26.0
90.0,15.0
90.0,35.0
90.0,23.0
90.0,26.0
90.0,21.0
90.0,61.0
90.0,75.0
90.0,54.0
90.0,26.0
90.0,66.0
90.0,30.0
90.0,24.0
90.0,34.0
90.0,29.0
90.0,34.0
90.0,13.0
90.0,63.0
90.0,26.0
90.0,30.0
90.0,27.0
90.0,19.0
90.0,21.0
90.0,16.0
90.0,45.0
90.0,46.0
90.0,50.0
90.0,30.0
90.0,17.0
90.0,80.0
90.0,37.0
90.0,46.0
90.0,34.0
90.0,36.0
90.0,46.0
90.0,25.0
90.0,56.0
90.0,35.0
90.0,46.0
90.0,37.0
90.0,42.0
90.0,13.0
90.0,41.0
90.0,65.0
90.0,34.0
90.0,48.0
90.0,87.0
90.0,58.0
90.0,86.0
90.0,22.0
90.0,53.0
90.0,31.0
90.0,41.0
90.0,65.0
90.0,54.0
90.0,39.0
90.0,51.0
90.0,52.0
90.0,51.0
90.0,26.0
90.0,86.0
90.0,13.0
90.0,39.0
90.0,28.0
90.0,31.0
90.0,71.0
90.0,17.0
90.0,39.0
90.0,53.0
90.0,60.0
90.0,63.0
90.0,48.0
90.0,43.0
90.0,35.0
90.0,25.0
90.0,31.0
90.0,36.0
90.0,81.0
90.0,37.0
90.0,22.0
90.0,62.0
90.0,47.0
90.0,34.0
90.0,17.0
90.0,47.0
90.0,17.0
90.0,23.0
90.0,19.0
90.0,71.0
90.0,30.0
90.0,56.0
90.0,31.0
90.0,36.0
90.0,74.0
90.0,76.0
90.0,51.0
90.0,54.0
90.0,15.0
90.0,45.0
90.0,77.0
90.0,55.0
90.0,27.0
90.0,23.0
90.0,51.0
90.0,28.0
90.0,37.0
90.0,18.0
90.0,43.0
90.0,40.0
90.0,39.0
90.0,24.0
90.0,66.0
90.0,28.0
90.0,45.0
90.0,61.0
90.0,42.0
90.0,49.0
90.0,16.0
90.0,97.0
90.0,19.0
90.0,38.0
90.0,87.0
90.0,42.0
90.0,43.0
90.0,63.0
90.0,55.0
90.0,35.0
90.0,43.0
90.0,31.0
90.0,41.0
90.0,26.0
90.0,51.0
90.0,30.0
90.0,37.0
90.0,50.0
90.0,47.0
90.0,31.0
90.0,26.0
90.0,21.0
90.0,98.0
90.0,28.0
90.0,62.0
90.0,60.0
90.0,57.0
90.0,62.0
90.0,98.0
90.0,43.0
90.0,58.0
90.0,23.0
90.0,54.0
90.0,23.0
90.0,53.0
90.0,65.0
90.0,33.0
90.0,59.0
90.0,56.0
90.0,44.0
90.0,19.0
90.0,37.0
90.0,52.0
90.0,34.0
90.0,71.0
90.0,40.0
90.0,32.0
90.0,65.0
90.0,43.0
90.0,27.0
90.0,35.0
90.0,53.0
90.0,43.0
90.0,25.0
90.0,47.0
90.0,45.0
90.0,27.0
90.0,41.0
90.0,52.0
90.0,31.0
90.0,75.0
90.0,26.0
90.0,49.0
90.0,81.0
90.0,35.0
90.0,45.0
90.0,45.0
90.0,75.0
90.0,22.0
90.0,59.0
90.0,35.0
90.0,36.0
90.0,44.0
90.0,33.0
90.0,34.0
90.0,19.0
90.0,21.0
90.0,37.0
90.0,44.0
90.0,20.0
90.0,39.0
90.0,23.0
90.0,36.0
90.0,38.0
90.0,34.0
90.0,16.0
90.0,19.0
90.0,61.0
90.0,54.0
90.0,82.0
90.0,30.0
90.0,30.0
90.0,28.0
90.0,81.0
90.0,18.0
90.0,37.0
90.0,29.0
90.0,27.0
90.0,35.0
91.0,37.0
91.0,58.0
91.0,37.0
91.0,57.0
91.0,29.0
91.0,46.0
91.0,54.0
91.0,61.0
91.0,42.0
91.0,31.0
91.0,34.0
91.0,39.0
91.0,36.0
91.0,52.0
91.0,15.0
91.0,27.0
91.0,32.0
91.0,44.0
91.0,65.0
91.0,82.0
91.0,24.0
91.0,33.0
91.0,57.0
91.0,71.0
91.0,29.0
91.0,40.0
91.0,30.0
91.0,91.0
91.0,68.0
91.0,66.0
91.0,25.0
91.0,29.0
91.0,45.0
91.0,25.0
91.0,34.0
91.0,35.0
91.0,39.0
91.0,23.0
91.0,53.0
91.0,10.0
91.0,36.0
91.0,56.0
91.0,27.0
91.0,35.0
91.0,42.0
91.0,53.0
91.0,22.0
91.0,31.0
91.0,47.0
91.0,52.0
91.0,22.0
91.0,26.0
91.0,39.0
91.0,51.0
91.0,44.0
91.0,36.0
91.0,35.0
91.0,13.0
91.0,45.0
91.0,64.0
91.0,33.0
91.0,47.0
91.0,49.0
91.0,56.0
91.0,24.0
91.0,50.0
91.0,69.0
91.0,23.0
91.0,42.0
91.0,43.0
91.0,47.0
91.0,19.0
91.0,11.0
91.0,35.0
91.0,29.0
91.0,21.0
91.0,50.0
91.0,60.0
91.0,52.0
91.0,29.0
91.0,25.0
91.0,30.0
91.0,46.0
91.0,58.0
91.0,51.0
91.0,43.0
91.0,29.0
91.0,54.0
91.0,47.0
91.0,25.0
91.0,55.0
91.0,54.0
91.0,67.0
91.0,40.0
91.0,36.0
91.0,27.0
91.0,100.0
91.0,37.0
91.0,34.0
91.0,65.0
91.0,42.0
91.0,53.0
91.0,39.0
91.0,30.0
91.0,80.0
91.0,53.0
91.0,58.0
91.0,40.0
91.0,44.0
91.0,13.0
91.0,84.0
91.0,63.0
91.0,32.0
91.0,34.0
91.0,31.0
91.0,44.0
91.0,61.0
91.0,12.0
91.0,42.0
91.0,33.0
91.0,42.0
91.0,72.0
91.0,39.0
91.0,25.0
91.0,26.0
91.0,30.0
91.0,25.0
91.0,39.0
91.0,54.0
91.0,64.0
91.0,34.0
91.0,68.0
91.0,45.0
91.0,23.0
91.0,65.0
91.0,49.0
91.0,49.0
91.0,16.0
91.0,25.0
91.0,64.0
91.0,21.0
91.0,17.0
91.0,21.0
91.0,57.0
91.0,78.0
91.0,31.0
91.0,40.0
91.0,38.0
91.0,41.0
91.0,28.0
91.0,35.0
91.0,28.0
91.0,13.0
91.0,36.0
91.0,52.0
91.0,57.0
91.0,34.0
91.0,60.0
91.0,12.0
91.0,20.0
91.0,34.0
91.0,41.0
91.0,59.0
91.0,58.0
91.0,31.0
91.0,64.0
91.0,91.0
91.0,35.0
91.0,55.0
91.0,42.0
91.0,25.0
91.0,68.0
91.0,55.0
91.0,36.0
91.0,22.0
91.0,45.0
91.0,23.0
91.0,35.0
91.0,38.0
91.0,28.0
91.0,28.0
91.0,60.0
91.0,79.0
91.0,38.0
91.0,14.0
91.0,27.0
91.0,42.0
91.0,58.0
91.0,43.0
91.0,64.0
91.0,18.0
91.0,35.0
91.0,32.0
92.0,15.0
92.0,27.0
92.0,42.0
92.0,26.0
92.0,22.0
92.0,64.0
92.0,50.0
92.0,19.0
92.0,68.0
92.0,26.0
92.0,61.0
92.0,22.0
92.0,56.0
92.0,31.0
92.0,34.0
92.0,34.0
92.0,39.0
92.0,26.0
92.0,54.0
92.0,24.0
92.0,60.0
92.0,52.0
92.0,39.0
92.0,28.0
92.0,13.0
92.0,22.0
92.0,30.0
92.0,34.0
92.0,44.0
92.0,29.0
92.0,65.0
92.0,79.0
92.0,48.0
92.0,40.0
92.0,32.0
92.0,59.0
92.0,52.0
92.0,29.0
92.0,31.0
92.0,23.0
92.0,34.0
92.0,26.0
92.0,37.0
92.0,49.0
92.0,23.0
92.0,45.0
92.0,33.0
92.0,90.0
92.0,19.0
92.0,74.0
92.0,39.0
92.0,12.0
92.0,50.0
92.0,31.0
92.0,11.0
92.0,43.0
92.0,40.0
92.0,30.0
92.0,46.0
92.0,20.0
92.0,40.0
92.0,50.0
92.0,29.0
92.0,17.0
92.0,41.0
92.0,28.0
92.0,13.0
92.0,51.0
92.0,35.0
92.0,47.0
92.0,51.0
92.0,48.0
92.0,31.0
92.0,14.0
92.0,21.0
92.0,26.0
92.0,38.0
92.0,32.0
92.0,20.0
92.0,53.0
92.0,27.0
92.0,41.0
92.0,56.0
92.0,45.0
92.0,58.0
92.0,37.0
92.0,23.0
92.0,59.0
92.0,19.0
92.0,42.0
92.0,23.0
92.0,42.0
92.0,42.0
92.0,23.0
92.0,55.0
92.0,11.0
92.0,53.0
92.0,66.0
92.0,53.0
92.0,39.0
92.0,67.0
92.0,74.0
92.0,95.0
92.0,48.0
92.0,27.0
92.0,56.0
92.0,52.0
92.0,40.0
92.0,29.0
92.0,62.0
92.0,32.0
92.0,25.0
92.0,70.0
92.0,19.0
92.0,79.0
92.0,34.0
92.0,28.0
92.0,34.0
92.0,60.0
92.0,52.0
92.0,37.0
92.0,25.0
92.0,32.0
92.0,32.0
92.0,18.0
92.0,15.0
92.0,43.0
92.0,33.0
92.0,39.0
92.0,33.0
92.0,24.0
92.0,85.0
92.0,24.0
92.0,51.0
92.0,53.0
92.0,23.0
92.0,42.0
92.0,22.0
92.0,59.0
92.0,13.0
92.0,14.0
92.0,18.0
92.0,55.0
92.0,23.0
92.0,44.0
92.0,34.0
92.0,46.0
92.0,40.0
92.0,33.0
92.0,59.0
92.0,24.0
92.0,33.0
92.0,33.0
92.0,17.0
92.0,15.0
92.0,3.0
92.0,51.0
92.0,58.0
92.0,44.0
92.0,13.0
92.0,64.0
92.0,27.0
92.0,16.0
92.0,92.0
92.0,52.0
92.0,64.0
92.0,22.0
92.0,39.0
92.0,36.0
92.0,23.0
92.0,55.0
92.0,21.0
92.0,8.0
92.0,17.0
92.0,14.0
92.0,43.0
92.0,24.0
92.0,53.0
92.0,37.0
92.0,26.0
92.0,14.0
92.0,29.0
92.0,36.0
92.0,51.0
92.0,20.0
92.0,13.0
92.0,79.0
92.0,42.0
92.0,22.0
92.0,50.0
92.0,32.0
92.0,30.0
92.0,19.0
92.0,67.0
92.0,36.0
92.0,56.0
92.0,29.0
92.0,20.0
92.0,23.0
92.0,55.0
92.0,26.0
92.0,69.0
92.0,48.0
92.0,23.0
92.0,37.0
93.0,57.0
93.0,50.0
93.0,28.0
93.0,64.0
93.0,48.0
93.0,60.0
93.0,22.0
93.0,52.0
93.0,78.0
93.0,39.0
93.0,35.0
93.0,12.0
93.0,45.0
93.0,32.0
93.0,51.0
93.0,72.0
93.0,96.0
93.0,46.0
93.0,44.0
93.0,28.0
93.0,15.0
93.0,42.0
93.0,38.0
93.0,47.0
93.0,28.0
93.0,73.0
93.0,51.0
93.0,50.0
93.0,49.0
93.0,56.0
93.0,30.0
93.0,42.0
93.0,52.0
93.0,67.0
93.0,59.0
93.0,42.0
93.0,27.0
93.0,43.0
93.0,28.0
93.0,43.0
93.0,37.0
93.0,37.0
93.0,47.0
93.0,85.0
93.0,31.0
93.0,56.0
93.0,21.0
93.0,39.0
93.0,20.0
93.0,68.0
93.0,67.0
93.0,33.0
93.0,28.0
93.0,37.0
93.0,64.0
93.0,24.0
93.0,84.0
93.0,50.0
93.0,82.0
93.0,16.0
93.0,54.0
93.0,27.0
93.0,32.0
93.0,26.0
93.0,34.0
93.0,51.0
93.0,46.0
93.0,53.0
93.0,42.0
93.0,38.0
93.0,34.0
93.0,36.0
93.0,23.0
93.0,60.0
93.0,62.0
93.0,47.0
93.0,28.0
93.0,23.0
93.0,22.0
93.0,22.0
93.0,46.0
93.0,35.0
93.0,28.0
93.0,53.0
93.0,35.0
93.0,16.0
93.0,34.0
93.0,17.0
93.0,48.0
93.0,20.0
93.0,30.0
93.0,14.0
93.0,28.0
93.0,16.0
93.0,26.0
93.0,46.0
93.0,14.0
93.0,66.0
93.0,27.0
93.0,41.0
93.0,25.0
93.0,3.0
93.0,28.0
93.0,30.0
93.0,41.0
93.0,32.0
93.0,38.0
93.0,28.0
93.0,15.0
93.0,51.0
93.0,33.0
93.0,76.0
93.0,19.0
93.0,19.0
93.0,35.0
93.0,34.0
93.0,79.0
93.0,45.0
93.0,50.0
93.0,48.0
93.0,46.0
93.0,18.0
93.0,50.0
93.0,30.0
93.0,55.0
93.0,33.0
93.0,18.0
93.0,43.0
93.0,32.0
93.0,49.0
93.0,38.0
93.0,44.0
93.0,55.0
93.0,59.0
93.0,37.0
93.0,25.0
93.0,32.0
93.0,30.0
93.0,5.0
93.0,46.0
93.0,32.0
93.0,58.0
93.0,27.0
93.0,96.0
93.0,29.0
93.0,48.0
93.0,40.0
93.0,27.0
93.0,34.0
93.0,62.0
93.0,53.0
93.0,33.0
93.0,50.0
93.0,98.0
93.0,16.0
93.0,64.0
93.0,71.0
93.0,33.0
93.0,58.0
93.0,42.0
93.0,19.0
93.0,23.0
93.0,30.0
93.0,34.0
93.0,20.0
93.0,46.0
93.0,34.0
93.0,18.0
93.0,55.0
93.0,11.0
93.0,20.0
93.0,15.0
93.0,43.0
93.0,88.0
93.0,98.0
93.0,39.0
93.0,47.0
93.0,22.0
93.0,27.0
93.0,29.0
93.0,23.0
93.0,47.0
93.0,28.0
93.0,52.0
93.0,59.0
93.0,48.0
93.0,55.0
93.0,51.0
93.0,18.0
93.0,34.0
93.0,70.0
93.0,33.0
93.0,37.0
93.0,31.0
93.0,45.0
93.0,55.0
93.0,51.0
93.0,53.0
93.0,11.0
93.0,37.0
93.0,28.0
93.0,41.0
93.0,93.0
93.0,100.0
93.0,25.0
93.0,42.0
93.0,5.0
93.0,39.0
93.0,79.0
93.0,48.0
93.0,34.0
93.0,34.0
93.0,23.0
93.0,20.0
93.0,5.0
93.0,17.0
93.0,33.0
93.0,41.0
93.0,50.0
94.0,23.0
94.0,33.0
94.0,17.0
94.0,38.0
94.0,25.0
94.0,50.0
94.0,13.0
94.0,30.0
94.0,21.0
94.0,32.0
94.0,48.0
94.0,26.0
94.0,81.0
94.0,40.0
94.0,58.0
94.0,47.0
94.0,35.0
94.0,11.0
94.0,55.0
94.0,39.0
94.0,33.0
94.0,46.0
94.0,44.0
94.0,54.0
94.0,16.0
94.0,26.0
94.0,54.0
94.0,15.0
94.0,25.0
94.0,54.0
94.0,32.0
94.0,21.0
94.0,19.0
94.0,27.0
94.0,66.0
94.0,10.0
94.0,50.0
94.0,48.0
94.0,56.0
94.0,66.0
94.0,29.0
94.0,40.0
94.0,37.0
94.0,55.0
94.0,49.0
94.0,25.0
94.0,35.0
94.0,33.0
94.0,45.0
94.0,52.0
94.0,27.0
94.0,29.0
94.0,30.0
94.0,56.0
94.0,77.0
94.0,46.0
94.0,40.0
94.0,67.0
94.0,86.0
94.0,42.0
94.0,25.0
94.0,43.0
94.0,39.0
94.0,37.0
94.0,44.0
94.0,62.0
94.0,37.0
94.0,49.0
94.0,41.0
94.0,28.0
94.0,25.0
94.0,38.0
94.0,35.0
94.0,38.0
94.0,44.0
94.0,23.0
94.0,49.0
94.0,20.0
94.0,25.0
94.0,35.0
94.0,37.0
94.0,51.0
94.0,20.0
94.0,49.0
94.0,37.0
94.0,46.0
94.0,80.0
94.0,27.0
94.0,62.0
94.0,50.0
94.0,38.0
94.0,25.0
94.0,39.0
94.0,56.0
94.0,42.0
94.0,29.0
94.0,72.0
94.0,55.0
94.0,56.0
94.0,100.0
94.0,26.0
94.0,54.0
94.0,11.0
94.0,65.0
94.0,16.0
94.0,68.0
94.0,59.0
94.0,28.0
94.0,45.0
94.0,38.0
94.0,24.0
94.0,22.0
94.0,20.0
94.0,34.0
94.0,25.0
94.0,31.0
94.0,35.0
94.0,25.0
94.0,52.0
94.0,42.0
94.0,31.0
94.0,76.0
94.0,30.0
94.0,40.0
94.0,71.0
94.0,17.0
94.0,47.0
94.0,42.0
94.0,44.0
94.0,46.0
94.0,22.0
94.0,41.0
94.0,39.0
94.0,37.0
94.0,11.0
94.0,45.0
94.0,35.0
94.0,30.0
94.0,18.0
94.0,15.0
94.0,43.0
94.0,59.0
94.0,39.0
94.0,33.0
94.0,24.0
94.0,15.0
94.0,19.0
94.0,24.0
94.0,41.0
94.0,27.0
94.0,34.0
94.0,89.0
94.0,15.0
94.0,21.0
94.0,26.0
94.0,38.0
94.0,25.0
94.0,42.0
94.0,53.0
95.0,30.0
95.0,66.0
95.0,24.0
95.0,16.0
95.0,35.0
95.0,19.0
95.0,36.0
95.0,22.0
95.0,67.0
95.0,45.0
95.0,52.0
95.0,20.0
95.0,35.0
95.0,14.0
95.0,10.0
95.0,19.0
95.0,53.0
95.0,30.0
95.0,45.0
95.0,34.0
95.0,39.0
95.0,48.0
95.0,34.0
95.0,17.0
95.0,22.0
95.0,25.0
95.0,41.0
95.0,63.0
95.0,49.0
95.0,51.0
95.0,93.0
95.0,36.0
95.0,11.0
95.0,25.0
95.0,33.0
95.0,20.0
95.0,63.0
95.0,40.0
95.0,47.0
95.0,27.0
95.0,16.0
95.0,48.0
95.0,40.0
95.0,37.0
95.0,50.0
95.0,15.0
95.0,42.0
95.0,42.0
95.0,32.0
95.0,30.0
95.0,46.0
95.0,52.0
95.0,59.0
95.0,15.0
95.0,77.0
95.0,57.0
95.0,35.0
95.0,37.0
95.0,28.0
95.0,30.0
95.0,38.0
95.0,47.0
95.0,46.0
95.0,43.0
95.0,57.0
95.0,24.0
95.0,11.0
95.0,11.0
95.0,57.0
95.0,21.0
95.0,19.0
95.0,44.0
95.0,19.0
95.0,36.0
95.0,89.0
95.0,22.0
95.0,40.0
95.0,45.0
95.0,48.0
95.0,47.0
95.0,28.0
95.0,47.0
95.0,25.0
95.0,22.0
95.0,14.0
95.0,19.0
95.0,24.0
95.0,19.0
95.0,22.0
95.0,35.0
95.0,32.0
95.0,56.0
95.0,57.0
95.0,33.0
95.0,63.0
95.0,26.0
95.0,41.0
95.0,39.0
95.0,42.0
95.0,28.0
95.0,24.0
95.0,24.0
95.0,65.0
95.0,27.0
95.0,19.0
95.0,38.0
95.0,43.0
95.0,31.0
95.0,28.0
95.0,58.0
95.0,72.0
95.0,63.0
95.0,51.0
95.0,62.0
95.0,27.0
95.0,65.0
95.0,31.0
95.0,63.0
95.0,21.0
95.0,43.0
95.0,54.0
95.0,7.0
95.0,21.0
95.0,27.0
95.0,40.0
95.0,48.0
95.0,14.0
95.0,34.0
95.0,51.0
95.0,32.0
95.0,39.0
95.0,35.0
95.0,24.0
95.0,33.0
95.0,33.0
95.0,45.0
95.0,57.0
95.0,56.0
95.0,23.0
95.0,40.0
95.0,72.0
95.0,51.0
95.0,55.0
95.0,39.0
95.0,19.0
95.0,23.0
95.0,41.0
95.0,11.0
95.0,15.0
95.0,45.0
95.0,57.0
96.0,23.0
96.0,44.0
96.0,31.0
96.0,31.0
96.0,18.0
96.0,94.0
96.0,44.0
96.0,29.0
96.0,64.0
96.0,47.0
96.0,35.0
96.0,15.0
96.0,37.0
96.0,40.0
96.0,24.0
96.0,26.0
96.0,42.0
96.0,32.0
96.0,25.0
96.0,12.0
96.0,19.0
96.0,56.0
96.0,29.0
96.0,57.0
96.0,54.0
96.0,24.0
96.0,52.0
96.0,18.0
96.0,18.0
96.0,11.0
96.0,16.0
96.0,9.0
96.0,37.0
96.0,58.0
96.0,44.0
96.0,71.0
96.0,15.0
96.0,17.0
96.0,46.0
96.0,94.0
96.0,35.0
96.0,31.0
96.0,77.0
96.0,26.0
96.0,36.0
96.0,27.0
96.0,36.0
96.0,53.0
96.0,38.0
96.0,49.0
96.0,40.0
96.0,44.0
96.0,63.0
96.0,37.0
96.0,100.0
96.0,36.0
96.0,41.0
96.0,44.0
96.0,16.0
96.0,33.0
96.0,15.0
96.0,39.0
96.0,41.0
96.0,69.0
96.0,42.0
96.0,20.0
96.0,26.0
96.0,24.0
96.0,25.0
96.0,26.0
96.0,14.0
96.0,17.0
96.0,48.0
96.0,11.0
96.0,41.0
96.0,97.0
96.0,20.0
96.0,44.0
96.0,21.0
96.0,27.0
96.0,27.0
96.0,27.0
96.0,15.0
96.0,60.0
96.0,51.0
96.0,25.0
96.0,42.0
96.0,42.0
96.0,19.0
96.0,36.0
96.0,100.0
96.0,21.0
96.0,25.0
96.0,17.0
96.0,88.0
96.0,14.0
96.0,41.0
96.0,37.0
96.0,43.0
96.0,20.0
96.0,61.0
96.0,35.0
96.0,85.0
96.0,38.0
96.0,54.0
96.0,61.0
96.0,13.0
96.0,95.0
96.0,35.0
96.0,34.0
96.0,34.0
96.0,17.0
96.0,26.0
96.0,74.0
96.0,44.0
96.0,51.0
96.0,31.0
96.0,44.0
96.0,78.0
96.0,40.0
96.0,49.0
96.0,26.0
96.0,14.0
96.0,41.0
96.0,64.0
96.0,43.0
96.0,46.0
96.0,12.0
96.0,37.0
96.0,32.0
96.0,27.0
96.0,36.0
96.0,59.0
96.0,33.0
96.0,64.0
96.0,31.0
96.0,15.0
96.0,23.0
96.0,71.0
96.0,20.0
96.0,46.0
96.0,39.0
96.0,67.0
96.0,97.0
96.0,10.0
96.0,10.0
97.0,95.0
97.0,30.0
97.0,50.0
97.0,19.0
97.0,33.0
97.0,60.0
97.0,29.0
97.0,15.0
97.0,43.0
97.0,6.0
97.0,36.0
97.0,17.0
97.0,16.0
97.0,16.0
97.0,25.0
97.0,52.0
97.0,74.0
97.0,26.0
97.0,17.0
97.0,36.0
97.0,30.0
97.0,46.0
97.0,20.0
97.0,40.0
97.0,63.0
97.0,11.0
97.0,18.0
97.0,97.0
97.0,27.0
97.0,19.0
97.0,53.0
97.0,53.0
97.0,63.0
97.0,40.0
97.0,14.0
97.0,49.0
97.0,96.0
97.0,61.0
97.0,49.0
97.0,30.0
97.0,21.0
97.0,28.0
97.0,30.0
97.0,46.0
97.0,13.0
97.0,15.0
97.0,60.0
97.0,27.0
97.0,15.0
97.0,35.0
97.0,31.0
97.0,24.0
97.0,32.0
97.0,29.0
97.0,32.0
97.0,34.0
97.0,26.0
97.0,40.0
97.0,44.0
97.0,28.0
97.0,51.0
97.0,43.0
97.0,88.0
97.0,31.0
97.0,79.0
97.0,29.0
97.0,23.0
97.0,26.0
97.0,83.0
97.0,29.0
97.0,16.0
97.0,40.0
97.0,71.0
97.0,68.0
97.0,23.0
97.0,100.0
97.0,47.0
97.0,36.0
97.0,24.0
97.0,42.0
97.0,22.0
97.0,52.0
97.0,32.0
97.0,32.0
97.0,49.0
97.0,43.0
97.0,56.0
97.0,68.0
97.0,20.0
97.0,18.0
97.0,23.0
97.0,44.0
97.0,61.0
97.0,30.0
97.0,91.0
97.0,19.0
97.0,27.0
97.0,46.0
97.0,25.0
97.0,64.0
97.0,63.0
97.0,12.0
97.0,39.0
97.0,84.0
97.0,91.0
97.0,59.0
97.0,37.0
97.0,14.0
97.0,29.0
97.0,31.0
97.0,66.0
97.0,60.0
97.0,24.0
97.0,30.0
97.0,67.0
97.0,51.0
97.0,44.0
97.0,25.0
97.0,48.0
97.0,48.0
97.0,27.0
97.0,27.0
97.0,58.0
97.0,77.0
97.0,40.0
97.0,42.0
97.0,16.0
98.0,40.0
98.0,95.0
98.0,75.0
98.0,36.0
98.0,20.0
98.0,12.0
98.0,25.0
98.0,16.0
98.0,37.0
98.0,5.0
98.0,99.0
98.0,37.0
98.0,19.0
98.0,33.0
98.0,13.0
98.0,30.0
98.0,32.0
98.0,51.0
98.0,42.0
98.0,33.0
98.0,39.0
98.0,100.0
98.0,16.0
98.0,31.0
98.0,18.0
98.0,99.0
98.0,8.0
98.0,73.0
98.0,62.0
98.0,56.0
98.0,55.0
98.0,96.0
98.0,77.0
98.0,44.0
98.0,86.0
98.0,61.0
98.0,15.0
98.0,27.0
98.0,36.0
98.0,46.0
98.0,28.0
98.0,43.0
98.0,73.0
98.0,10.0
98.0,64.0
98.0,49.0
98.0,22.0
98.0,23.0
98.0,43.0
98.0,28.0
98.0,31.0
98.0,30.0
98.0,7.0
98.0,45.0
98.0,43.0
98.0,40.0
98.0,16.0
98.0,21.0
98.0,17.0
98.0,8.0
98.0,23.0
98.0,11.0
98.0,22.0
98.0,18.0
98.0,47.0
98.0,97.0
98.0,81.0
98.0,46.0
98.0,26.0
98.0,14.0
98.0,40.0
98.0,53.0
98.0,21.0
98.0,23.0
98.0,26.0
98.0,19.0
98.0,31.0
98.0,13.0
98.0,24.0
98.0,97.0
98.0,40.0
98.0,23.0
98.0,97.0
98.0,16.0
98.0,45.0
98.0,30.0
98.0,62.0
98.0,97.0
98.0,42.0
98.0,28.0
98.0,25.0
98.0,60.0
98.0,45.0
98.0,32.0
98.0,16.0
98.0,25.0
98.0,40.0
98.0,24.0
98.0,30.0
98.0,100.0
98.0,21.0
98.0,27.0
98.0,31.0
98.0,19.0
98.0,22.0
98.0,54.0
98.0,56.0
98.0,26.0
98.0,36.0
98.0,47.0
98.0,39.0
98.0,70.0
98.0,14.0
98.0,23.0
98.0,13.0
98.0,6.0
98.0,20.0
98.0,100.0
98.0,21.0
98.0,49.0
98.0,30.0
98.0,21.0
99.0,20.0
99.0,51.0
99.0,43.0
99.0,77.0
99.0,58.0
99.0,26.0
99.0,15.0
99.0,72.0
99.0,100.0
99.0,46.0
99.0,17.0
99.0,58.0
99.0,22.0
99.0,18.0
99.0,26.0
99.0,97.0
99.0,26.0
99.0,49.0
99.0,44.0
99.0,23.0
99.0,97.0
99.0,24.0
99.0,41.0
99.0,93.0
99.0,50.0
99.0,39.0
99.0,58.0
99.0,79.0
99.0,47.0
99.0,36.0
99.0,100.0
99.0,39.0
99.0,11.0
99.0,40.0
99.0,31.0
99.0,33.0
99.0,26.0
99.0,21.0
99.0,20.0
99.0,19.0
99.0,39.0
99.0,31.0
99.0,19.0
99.0,22.0
99.0,100.0
99.0,34.0
99.0,14.0
99.0,67.0
99.0,23.0
99.0,30.0
99.0,22.0
99.0,31.0
99.0,90.0
99.0,70.0
99.0,52.0
99.0,28.0
99.0,48.0
99.0,51.0
99.0,51.0
99.0,44.0
99.0,74.0
99.0,34.0
99.0,57.0
99.0,42.0
99.0,98.0
99.0,16.0
99.0,36.0
99.0,62.0
99.0,22.0
99.0,67.0
99.0,25.0
99.0,33.0
99.0,70.0
99.0,92.0
99.0,8.0
99.0,17.0
99.0,14.0
99.0,51.0
99.0,29.0
99.0,8.0
99.0,14.0
100.0,21.0
100.0,33.0
100.0,44.0
100.0,31.0
100.0,95.0
100.0,41.0
100.0,62.0
100.0,65.0
100.0,27.0
100.0,25.0
100.0,57.0
100.0,13.0
100.0,48.0
100.0,12.0
100.0,49.0
100.0,55.0
100.0,15.0
100.0,46.0
100.0,43.0
100.0,13.0
100.0,98.0
100.0,68.0
100.0,46.0
100.0,57.0
100.0,11.0
100.0,24.0
100.0,36.0
100.0,17.0
100.0,35.0
100.0,41.0
100.0,96.0
100.0,81.0
100.0,7.0
100.0,35.0
100.0,47.0
100.0,98.0
100.0,44.0
100.0,56.0
100.0,41.0
100.0,98.0
100.0,87.0
100.0,43.0
100.0,30.0
100.0,79.0
100.0,99.0
100.0,45.0
100.0,40.0
100.0,36.0
100.0,39.0
100.0,38.0
100.0,84.0
100.0,25.0
100.0,44.0
100.0,45.0
101.0,47.0
101.0,14.0
101.0,27.0
101.0,55.0
101.0,24.0
101.0,52.0
101.0,37.0
101.0,9.0
101.0,60.0
101.0,12.0
101.0,10.0
101.0,42.0
101.0,18.0
101.0,35.0
101.0,55.0
101.0,38.0
101.0,35.0
101.0,17.0
101.0,52.0
101.0,16.0
101.0,7.0
101.0,52.0
101.0,22.0
101.0,16.0
101.0,19.0
101.0,8.0
101.0,24.0
101.0,30.0
101.0,30.0
101.0,61.0
101.0,16.0
101.0,46.0
101.0,39.0
101.0,18.0
101.0,33.0
101.0,34.0
101.0,20.0
101.0,15.0
101.0,38.0
101.0,41.0
101.0,59.0
101.0,28.0
102.0,45.0
102.0,26.0
102.0,11.0
102.0,22.0
102.0,23.0
102.0,49.0
102.0,27.0
102.0,38.0
102.0,46.0
102.0,4.0
102.0,27.0
102.0,9.0
102.0,38.0
102.0,52.0
102.0,29.0
102.0,43.0
102.0,28.0
102.0,20.0
102.0,40.0
102.0,31.0
102.0,23.0
102.0,42.0
102.0,28.0
102.0,60.0
102.0,35.0
102.0,17.0
102.0,21.0
102.0,39.0
102.0,23.0
102.0,39.0
103.0,10.0
103.0,38.0
103.0,18.0
103.0,16.0
103.0,60.0
103.0,33.0
103.0,20.0
103.0,42.0
103.0,23.0
103.0,27.0
103.0,17.0
103.0,26.0
103.0,58.0
103.0,56.0
103.0,50.0
103.0,28.0
103.0,34.0
103.0,37.0
103.0,9.0
103.0,37.0
103.0,46.0
103.0,17.0
103.0,39.0
103.0,25.0
103.0,14.0
103.0,47.0
103.0,34.0
103.0,36.0
103.0,12.0
103.0,15.0
103.0,28.0
103.0,26.0
103.0,44.0
103.0,27.0
104.0,15.0
104.0,18.0
104.0,11.0
104.0,46.0
104.0,50.0
104.0,26.0
104.0,24.0
104.0,37.0
104.0,20.0
104.0,20.0
104.0,36.0
104.0,23.0
104.0,21.0
104.0,38.0
104.0,36.0
104.0,13.0
104.0,10.0
104.0,10.0
104.0,49.0
104.0,40.0
104.0,33.0
104.0,13.0
104.0,22.0
105.0,27.0
105.0,19.0
105.0,14.0
105.0,17.0
105.0,24.0
105.0,9.0
105.0,48.0
105.0,22.0
105.0,20.0
105.0,24.0
105.0,32.0
105.0,26.0
105.0,9.0
105.0,32.0
105.0,21.0
105.0,65.0
105.0,77.0
106.0,55.0
106.0,69.0
106.0,22.0
106.0,3.0
106.0,34.0
106.0,17.0
106.0,18.0
106.0,17.0
106.0,26.0
106.0,58.0
106.0,55.0
106.0,27.0
106.0,45.0
107.0,20.0
107.0,46.0
107.0,5.0
107.0,13.0
107.0,40.0
107.0,15.0
107.0,24.0
107.0,12.0
107.0,13.0
107.0,29.0
107.0,36.0
107.0,31.0
108.0,26.0
108.0,23.0
108.0,26.0
108.0,20.0
108.0,34.0
108.0,19.0
108.0,19.0
108.0,24.0
108.0,45.0
109.0,12.0
109.0,21.0
109.0,11.0
109.0,31.0
109.0,27.0
109.0,22.0
109.0,25.0
110.0,16.0
110.0,12.0
110.0,16.0
110.0,16.0
110.0,33.0
110.0,42.0
110.0,8.0
110.0,10.0
110.0,26.0
111.0,22.0
111.0,23.0
111.0,26.0
111.0,23.0
111.0,30.0
112.0,16.0
112.0,18.0
113.0,49.0
115.0,19.0
115.0,17.0
115.0,14.0
118.0,42.0
119.0,27.0
119.0,47.0
120.0,26.0
122.0,22.0
122.0,61.0
124.0,1.0
125.0,49.0
130.0,4.0
139.0,12.0
