34.0,32.0,71.0
48.0,42.0,90.0
50.0,24.0,59.0
51.0,41.0,49.0
60.0,40.0,60.0
63.0,47.0,55.0
63.0,49.0,53.0
63.0,49.0,28.0
64.0,58.0,3.0
64.0,45.0,39.0
65.0,41.0,65.0
65.0,47.0,66.0
65.0,48.0,43.0
66.0,48.0,22.0
66.0,65.0,26.0
68.0,43.0,88.0
68.0,36.0,55.0
69.0,38.0,73.0
69.0,44.0,50.0
70.0,54.0,80.0
70.0,52.0,58.0
70.0,39.0,41.0
70.0,40.0,45.0
70.0,45.0,56.0
70.0,41.0,64.0
70.0,57.0,46.0
71.0,57.0,71.0
71.0,57.0,34.0
71.0,38.0,57.0
71.0,46.0,81.0
71.0,44.0,55.0
71.0,49.0,44.0
71.0,35.0,60.0
72.0,41.0,21.0
72.0,34.0,68.0
72.0,48.0,67.0
72.0,36.0,30.0
72.0,48.0,59.0
72.0,47.0,81.0
72.0,47.0,72.0
72.0,45.0,71.0
72.0,49.0,73.0
73.0,49.0,65.0
73.0,39.0,50.0
73.0,46.0,40.0
73.0,49.0,35.0
73.0,57.0,100.0
73.0,28.0,100.0
73.0,39.0,52.0
73.0,48.0,37.0
74.0,43.0,75.0
74.0,42.0,36.0
74.0,20.0,35.0
74.0,37.0,24.0
74.0,52.0,33.0
74.0,37.0,46.0
74.0,49.0,22.0
75.0,36.0,40.0
75.0,44.0,61.0
75.0,45.0,23.0
75.0,46.0,46.0
75.0,36.0,79.0
75.0,47.0,92.0
75.0,45.0,51.0
75.0,43.0,33.0
75.0,36.0,89.0
75.0,39.0,59.0
75.0,39.0,83.0
75.0,47.0,27.0
75.0,44.0,49.0
76.0,42.0,55.0
76.0,48.0,42.0
76.0,44.0,37.0
76.0,47.0,62.0
76.0,38.0,44.0
76.0,47.0,21.0
76.0,50.0,45.0
76.0,34.0,95.0
76.0,39.0,68.0
76.0,71.0,74.0
76.0,34.0,49.0
76.0,41.0,30.0
76.0,52.0,33.0
77.0,39.0,21.0
77.0,40.0,48.0
77.0,49.0,37.0
77.0,43.0,23.0
77.0,38.0,77.0
77.0,40.0,82.0
77.0,48.0,40.0
77.0,36.0,41.0
77.0,77.0,39.0
77.0,48.0,92.0
77.0,43.0,63.0
77.0,38.0,87.0
77.0,36.0,37.0
77.0,36.0,99.0
77.0,45.0,33.0
77.0,62.0,41.0
77.0,47.0,21.0
77.0,47.0,69.0
78.0,42.0,52.0
78.0,38.0,85.0
78.0,50.0,59.0
78.0,35.0,58.0
78.0,55.0,51.0
78.0,50.0,88.0
78.0,36.0,34.0
78.0,54.0,83.0
78.0,39.0,67.0
78.0,51.0,54.0
78.0,41.0,47.0
78.0,36.0,78.0
78.0,52.0,52.0
78.0,50.0,85.0
78.0,44.0,27.0
78.0,50.0,23.0
78.0,46.0,38.0
78.0,34.0,41.0
78.0,48.0,44.0
78.0,53.0,26.0
78.0,39.0,82.0
79.0,51.0,63.0
79.0,52.0,69.0
79.0,40.0,18.0
79.0,44.0,24.0
79.0,45.0,44.0
79.0,56.0,65.0
79.0,35.0,97.0
79.0,40.0,60.0
79.0,41.0,34.0
79.0,43.0,19.0
79.0,39.0,73.0
79.0,42.0,47.0
79.0,40.0,27.0
79.0,44.0,19.0
79.0,44.0,100.0
79.0,38.0,32.0
79.0,31.0,80.0
80.0,53.0,59.0
80.0,45.0,45.0
80.0,36.0,50.0
80.0,42.0,21.0
80.0,35.0,19.0
80.0,39.0,20.0
80.0,52.0,26.0
80.0,34.0,100.0
80.0,37.0,56.0
80.0,49.0,89.0
80.0,50.0,66.0
80.0,42.0,40.0
80.0,38.0,32.0
80.0,39.0,66.0
80.0,50.0,35.0
80.0,50.0,27.0
80.0,46.0,22.0
80.0,34.0,30.0
80.0,53.0,85.0
80.0,38.0,23.0
80.0,40.0,82.0
80.0,36.0,52.0
80.0,46.0,49.0
80.0,41.0,72.0
80.0,31.0,18.0
80.0,43.0,22.0
81.0,74.0,23.0
81.0,42.0,61.0
81.0,46.0,43.0
81.0,37.0,56.0
81.0,40.0,61.0
81.0,39.0,88.0
81.0,46.0,44.0
81.0,42.0,32.0
81.0,42.0,90.0
81.0,33.0,49.0
81.0,36.0,48.0
81.0,42.0,48.0
81.0,35.0,33.0
81.0,37.0,25.0
81.0,63.0,43.0
81.0,43.0,47.0
81.0,38.0,12.0
81.0,40.0,21.0
81.0,45.0,24.0
81.0,38.0,51.0
81.0,38.0,43.0
81.0,42.0,63.0
81.0,48.0,60.0
81.0,44.0,69.0
81.0,43.0,64.0
81.0,39.0,60.0
81.0,34.0,45.0
81.0,35.0,46.0
81.0,35.0,45.0
81.0,42.0,44.0
81.0,46.0,28.0
81.0,41.0,58.0
81.0,44.0,46.0
82.0,43.0,65.0
82.0,41.0,24.0
82.0,42.0,87.0
82.0,44.0,72.0
82.0,50.0,28.0
82.0,39.0,47.0
82.0,50.0,37.0
82.0,54.0,55.0
82.0,41.0,44.0
82.0,41.0,44.0
82.0,38.0,87.0
82.0,32.0,97.0
82.0,39.0,72.0
82.0,42.0,83.0
82.0,44.0,49.0
82.0,63.0,37.0
82.0,48.0,44.0
82.0,47.0,59.0
82.0,34.0,100.0
82.0,38.0,39.0
82.0,34.0,52.0
82.0,54.0,91.0
82.0,61.0,75.0
82.0,44.0,66.0
82.0,36.0,52.0
82.0,34.0,84.0
82.0,49.0,66.0
82.0,36.0,48.0
82.0,40.0,20.0
82.0,48.0,47.0
82.0,43.0,73.0
82.0,37.0,67.0
82.0,31.0,43.0
82.0,33.0,93.0
82.0,41.0,16.0
82.0,41.0,66.0
82.0,42.0,52.0
82.0,37.0,50.0
82.0,45.0,57.0
82.0,39.0,43.0
83.0,35.0,41.0
83.0,44.0,63.0
83.0,38.0,28.0
83.0,48.0,24.0
83.0,36.0,55.0
83.0,37.0,44.0
83.0,41.0,45.0
83.0,40.0,75.0
83.0,68.0,78.0
83.0,38.0,56.0
83.0,44.0,12.0
83.0,37.0,66.0
83.0,42.0,76.0
83.0,45.0,50.0
83.0,33.0,70.0
83.0,37.0,32.0
83.0,46.0,18.0
83.0,47.0,90.0
83.0,41.0,59.0
83.0,43.0,86.0
83.0,34.0,82.0
83.0,38.0,23.0
83.0,39.0,22.0
83.0,41.0,45.0
83.0,35.0,44.0
83.0,36.0,63.0
83.0,43.0,74.0
83.0,45.0,21.0
83.0,39.0,98.0
83.0,36.0,58.0
83.0,43.0,66.0
83.0,36.0,75.0
83.0,38.0,63.0
83.0,40.0,18.0
83.0,46.0,70.0
83.0,43.0,24.0
83.0,42.0,68.0
83.0,37.0,25.0
83.0,36.0,76.0
83.0,36.0,75.0
83.0,36.0,32.0
83.0,41.0,44.0
83.0,37.0,28.0
83.0,42.0,62.0
83.0,42.0,62.0
83.0,36.0,48.0
84.0,37.0,59.0
84.0,35.0,72.0
84.0,44.0,39.0
84.0,42.0,48.0
84.0,42.0,44.0
84.0,46.0,67.0
84.0,37.0,41.0
84.0,34.0,42.0
84.0,40.0,73.0
84.0,44.0,99.0
84.0,37.0,15.0
84.0,36.0,31.0
84.0,42.0,17.0
84.0,41.0,53.0
84.0,42.0,42.0
84.0,60.0,77.0
84.0,41.0,41.0
84.0,50.0,33.0
84.0,45.0,36.0
84.0,39.0,49.0
84.0,38.0,41.0
84.0,46.0,52.0
84.0,37.0,33.0
84.0,51.0,43.0
84.0,43.0,42.0
84.0,41.0,100.0
84.0,45.0,89.0
84.0,40.0,41.0
84.0,43.0,60.0
84.0,32.0,86.0
84.0,40.0,46.0
84.0,44.0,45.0
84.0,37.0,42.0
84.0,37.0,62.0
84.0,37.0,34.0
84.0,42.0,35.0
84.0,24.0,49.0
84.0,30.0,84.0
84.0,40.0,49.0
84.0,47.0,43.0
84.0,39.0,64.0
84.0,37.0,54.0
84.0,47.0,55.0
84.0,43.0,60.0
84.0,41.0,32.0
84.0,38.0,68.0
84.0,40.0,26.0
84.0,38.0,46.0
84.0,43.0,24.0
84.0,42.0,94.0
84.0,55.0,61.0
84.0,41.0,31.0
84.0,40.0,57.0
84.0,44.0,40.0
84.0,40.0,28.0
84.0,44.0,72.0
84.0,39.0,32.0
84.0,40.0,69.0
84.0,44.0,14.0
84.0,51.0,25.0
84.0,38.0,82.0
84.0,37.0,67.0
84.0,47.0,80.0
84.0,42.0,66.0
84.0,31.0,100.0
84.0,38.0,49.0
84.0,38.0,67.0
84.0,36.0,73.0
84.0,44.0,65.0
84.0,36.0,43.0
84.0,49.0,11.0
84.0,47.0,57.0
85.0,39.0,27.0
85.0,48.0,63.0
85.0,38.0,40.0
85.0,37.0,16.0
85.0,43.0,27.0
85.0,33.0,66.0
85.0,42.0,20.0
85.0,45.0,70.0
85.0,29.0,53.0
85.0,37.0,52.0
85.0,32.0,99.0
85.0,41.0,54.0
85.0,37.0,22.0
85.0,31.0,97.0
85.0,41.0,68.0
85.0,43.0,24.0
85.0,39.0,27.0
85.0,35.0,66.0
85.0,35.0,60.0
85.0,33.0,48.0
85.0,37.0,23.0
85.0,42.0,42.0
85.0,40.0,75.0
85.0,46.0,55.0
85.0,47.0,71.0
85.0,38.0,36.0
85.0,46.0,30.0
85.0,44.0,82.0
85.0,39.0,68.0
85.0,34.0,33.0
85.0,38.0,91.0
85.0,33.0,61.0
85.0,34.0,41.0
85.0,37.0,38.0
85.0,33.0,99.0
85.0,49.0,60.0
85.0,41.0,54.0
85.0,37.0,79.0
85.0,33.0,40.0
85.0,52.0,47.0
85.0,39.0,41.0
85.0,40.0,49.0
85.0,43.0,23.0
85.0,37.0,31.0
85.0,39.0,40.0
85.0,40.0,61.0
85.0,39.0,44.0
85.0,69.0,76.0
85.0,40.0,23.0
85.0,44.0,49.0
85.0,45.0,36.0
85.0,60.0,61.0
85.0,45.0,64.0
85.0,43.0,34.0
85.0,38.0,22.0
85.0,37.0,18.0
85.0,21.0,79.0
85.0,39.0,11.0
85.0,37.0,52.0
85.0,40.0,45.0
85.0,38.0,16.0
85.0,39.0,60.0
85.0,33.0,29.0
85.0,42.0,68.0
85.0,41.0,25.0
85.0,38.0,54.0
85.0,43.0,58.0
85.0,29.0,91.0
85.0,50.0,37.0
85.0,66.0,26.0
85.0,39.0,54.0
85.0,49.0,35.0
86.0,37.0,86.0
86.0,42.0,58.0
86.0,53.0,40.0
86.0,33.0,89.0
86.0,48.0,29.0
86.0,40.0,37.0
86.0,57.0,37.0
86.0,40.0,40.0
86.0,38.0,16.0
86.0,36.0,46.0
86.0,41.0,63.0
86.0,46.0,78.0
86.0,42.0,30.0
86.0,39.0,35.0
86.0,35.0,27.0
86.0,43.0,41.0
86.0,38.0,14.0
86.0,39.0,82.0
86.0,39.0,18.0
86.0,44.0,40.0
86.0,44.0,79.0
86.0,27.0,82.0
86.0,36.0,74.0
86.0,40.0,49.0
86.0,42.0,34.0
86.0,36.0,63.0
86.0,40.0,54.0
86.0,48.0,18.0
86.0,37.0,47.0
86.0,43.0,60.0
86.0,36.0,19.0
86.0,37.0,26.0
86.0,50.0,55.0
86.0,55.0,48.0
86.0,47.0,30.0
86.0,36.0,98.0
86.0,47.0,25.0
86.0,36.0,98.0
86.0,39.0,63.0
86.0,38.0,53.0
86.0,39.0,94.0
86.0,46.0,46.0
86.0,34.0,53.0
86.0,33.0,76.0
86.0,39.0,51.0
86.0,40.0,47.0
86.0,37.0,35.0
86.0,41.0,21.0
86.0,40.0,41.0
86.0,36.0,60.0
86.0,42.0,42.0
86.0,38.0,27.0
86.0,49.0,37.0
86.0,46.0,65.0
86.0,49.0,54.0
86.0,39.0,23.0
86.0,48.0,44.0
86.0,50.0,41.0
86.0,38.0,83.0
86.0,38.0,31.0
86.0,35.0,24.0
86.0,42.0,57.0
86.0,34.0,54.0
86.0,71.0,60.0
86.0,48.0,16.0
86.0,41.0,40.0
86.0,40.0,18.0
86.0,42.0,60.0
86.0,41.0,39.0
86.0,39.0,37.0
86.0,36.0,60.0
86.0,39.0,28.0
86.0,41.0,81.0
86.0,40.0,27.0
86.0,46.0,38.0
86.0,42.0,47.0
86.0,42.0,36.0
86.0,35.0,49.0
86.0,41.0,30.0
86.0,38.0,35.0
86.0,39.0,37.0
86.0,60.0,38.0
86.0,44.0,25.0
86.0,33.0,41.0
86.0,41.0,76.0
86.0,38.0,61.0
86.0,42.0,18.0
86.0,31.0,100.0
86.0,39.0,33.0
86.0,40.0,71.0
86.0,46.0,41.0
86.0,44.0,33.0
86.0,40.0,18.0
86.0,36.0,52.0
86.0,42.0,52.0
86.0,39.0,60.0
86.0,43.0,38.0
86.0,39.0,69.0
86.0,34.0,48.0
86.0,35.0,41.0
86.0,35.0,15.0
86.0,44.0,38.0
86.0,45.0,62.0
86.0,46.0,22.0
86.0,37.0,47.0
86.0,42.0,55.0
86.0,35.0,43.0
87.0,47.0,63.0
87.0,34.0,23.0
87.0,43.0,47.0
87.0,51.0,32.0
87.0,40.0,25.0
87.0,45.0,52.0
87.0,36.0,49.0
87.0,48.0,53.0
87.0,41.0,61.0
87.0,49.0,60.0
87.0,43.0,72.0
87.0,44.0,78.0
87.0,40.0,79.0
87.0,38.0,26.0
87.0,42.0,56.0
87.0,39.0,95.0
87.0,39.0,34.0
87.0,40.0,32.0
87.0,38.0,19.0
87.0,39.0,41.0
87.0,55.0,49.0
87.0,32.0,96.0
87.0,41.0,26.0
87.0,31.0,42.0
87.0,49.0,26.0
87.0,36.0,47.0
87.0,41.0,91.0
87.0,43.0,67.0
87.0,52.0,44.0
87.0,38.0,60.0
87.0,37.0,48.0
87.0,37.0,56.0
87.0,38.0,36.0
87.0,42.0,56.0
87.0,41.0,36.0
87.0,45.0,37.0
87.0,42.0,30.0
87.0,42.0,53.0
87.0,43.0,48.0
87.0,37.0,16.0
87.0,57.0,35.0
87.0,51.0,68.0
87.0,38.0,55.0
87.0,32.0,27.0
87.0,43.0,15.0
87.0,36.0,24.0
87.0,41.0,34.0
87.0,47.0,50.0
87.0,42.0,40.0
87.0,49.0,21.0
87.0,44.0,61.0
87.0,43.0,66.0
87.0,40.0,28.0
87.0,42.0,56.0
87.0,39.0,28.0
87.0,14.0,99.0
87.0,40.0,16.0
87.0,40.0,17.0
87.0,38.0,29.0
87.0,35.0,26.0
87.0,48.0,18.0
87.0,45.0,41.0
87.0,37.0,87.0
87.0,37.0,55.0
87.0,41.0,11.0
87.0,43.0,42.0
87.0,38.0,72.0
87.0,29.0,71.0
87.0,35.0,48.0
87.0,35.0,32.0
87.0,39.0,16.0
87.0,37.0,82.0
87.0,32.0,53.0
87.0,38.0,42.0
87.0,37.0,54.0
87.0,32.0,90.0
87.0,46.0,48.0
87.0,38.0,60.0
87.0,39.0,27.0
87.0,46.0,43.0
87.0,37.0,51.0
87.0,41.0,37.0
87.0,41.0,17.0
87.0,39.0,89.0
87.0,40.0,75.0
87.0,34.0,49.0
87.0,35.0,68.0
87.0,48.0,81.0
87.0,23.0,46.0
87.0,44.0,57.0
87.0,39.0,40.0
87.0,42.0,23.0
87.0,30.0,42.0
87.0,38.0,33.0
87.0,33.0,55.0
87.0,42.0,42.0
87.0,38.0,20.0
87.0,41.0,20.0
87.0,35.0,35.0
87.0,37.0,65.0
87.0,40.0,49.0
87.0,53.0,69.0
87.0,16.0,100.0
87.0,50.0,51.0
87.0,39.0,46.0
87.0,45.0,53.0
87.0,40.0,42.0
87.0,39.0,24.0
87.0,54.0,34.0
87.0,68.0,6.0
87.0,39.0,34.0
87.0,43.0,34.0
87.0,37.0,69.0
87.0,40.0,39.0
87.0,48.0,35.0
87.0,43.0,61.0
87.0,44.0,39.0
87.0,37.0,43.0
87.0,41.0,40.0
87.0,34.0,56.0
87.0,49.0,63.0
87.0,50.0,46.0
87.0,35.0,61.0
87.0,38.0,51.0
87.0,34.0,64.0
87.0,36.0,32.0
87.0,44.0,67.0
87.0,41.0,56.0
87.0,35.0,36.0
88.0,38.0,79.0
88.0,43.0,27.0
88.0,36.0,29.0
88.0,38.0,61.0
88.0,36.0,33.0
88.0,50.0,31.0
88.0,36.0,75.0
88.0,40.0,35.0
88.0,45.0,89.0
88.0,41.0,46.0
88.0,44.0,56.0
88.0,56.0,24.0
88.0,42.0,49.0
88.0,38.0,37.0
88.0,41.0,57.0
88.0,40.0,41.0
88.0,55.0,27.0
88.0,41.0,57.0
88.0,50.0,33.0
88.0,35.0,10.0
88.0,54.0,17.0
88.0,40.0,68.0
88.0,52.0,89.0
88.0,34.0,31.0
88.0,39.0,24.0
88.0,35.0,44.0
88.0,42.0,52.0
88.0,37.0,30.0
88.0,38.0,46.0
88.0,42.0,54.0
88.0,45.0,48.0
88.0,42.0,62.0
88.0,43.0,39.0
88.0,46.0,47.0
88.0,37.0,32.0
88.0,47.0,39.0
88.0,32.0,29.0
88.0,36.0,46.0
88.0,43.0,61.0
88.0,35.0,44.0
88.0,57.0,67.0
88.0,40.0,42.0
88.0,41.0,67.0
88.0,39.0,59.0
88.0,42.0,37.0
88.0,41.0,27.0
88.0,47.0,43.0
88.0,58.0,26.0
88.0,36.0,47.0
88.0,38.0,51.0
88.0,45.0,63.0
88.0,32.0,15.0
88.0,41.0,12.0
88.0,44.0,37.0
88.0,40.0,22.0
88.0,40.0,41.0
88.0,42.0,48.0
88.0,36.0,34.0
88.0,42.0,66.0
88.0,39.0,21.0
88.0,69.0,19.0
88.0,43.0,50.0
88.0,35.0,39.0
88.0,43.0,29.0
88.0,40.0,48.0
88.0,43.0,40.0
88.0,50.0,46.0
88.0,42.0,34.0
88.0,40.0,48.0
88.0,39.0,41.0
88.0,40.0,36.0
88.0,36.0,52.0
88.0,35.0,32.0
88.0,53.0,56.0
88.0,41.0,64.0
88.0,44.0,31.0
88.0,45.0,33.0
88.0,40.0,29.0
88.0,45.0,47.0
88.0,39.0,26.0
88.0,33.0,74.0
88.0,47.0,24.0
88.0,43.0,58.0
88.0,35.0,52.0
88.0,41.0,87.0
88.0,43.0,28.0
88.0,37.0,40.0
88.0,40.0,54.0
88.0,42.0,95.0
88.0,37.0,21.0
88.0,39.0,40.0
88.0,41.0,26.0
88.0,39.0,56.0
88.0,42.0,53.0
88.0,49.0,76.0
88.0,43.0,51.0
88.0,42.0,22.0
88.0,41.0,39.0
88.0,41.0,10.0
88.0,38.0,66.0
88.0,39.0,52.0
88.0,45.0,58.0
88.0,36.0,44.0
88.0,35.0,68.0
88.0,38.0,36.0
88.0,45.0,18.0
88.0,36.0,39.0
88.0,18.0,100.0
88.0,36.0,74.0
88.0,43.0,87.0
88.0,36.0,20.0
88.0,47.0,49.0
88.0,46.0,79.0
88.0,35.0,32.0
88.0,51.0,12.0
88.0,35.0,69.0
88.0,40.0,52.0
88.0,53.0,46.0
88.0,41.0,35.0
88.0,36.0,51.0
88.0,39.0,34.0
88.0,41.0,29.0
88.0,48.0,34.0
88.0,36.0,54.0
88.0,46.0,38.0
88.0,35.0,41.0
88.0,42.0,28.0
88.0,37.0,49.0
88.0,34.0,25.0
88.0,43.0,22.0
88.0,45.0,23.0
88.0,37.0,37.0
88.0,44.0,37.0
88.0,47.0,30.0
88.0,40.0,23.0
88.0,47.0,24.0
88.0,50.0,55.0
88.0,41.0,56.0
88.0,37.0,41.0
88.0,39.0,35.0
88.0,45.0,48.0
88.0,37.0,53.0
88.0,38.0,34.0
88.0,35.0,52.0
88.0,38.0,14.0
88.0,36.0,73.0
88.0,56.0,23.0
88.0,36.0,62.0
88.0,43.0,13.0
88.0,40.0,31.0
88.0,39.0,21.0
88.0,35.0,34.0
88.0,42.0,49.0
89.0,50.0,50.0
89.0,42.0,33.0
89.0,41.0,38.0
89.0,40.0,78.0
89.0,45.0,20.0
89.0,38.0,65.0
89.0,46.0,15.0
89.0,30.0,93.0
89.0,35.0,44.0
89.0,40.0,46.0
89.0,46.0,40.0
89.0,42.0,55.0
89.0,44.0,40.0
89.0,46.0,24.0
89.0,49.0,43.0
89.0,36.0,62.0
89.0,44.0,29.0
89.0,40.0,74.0
89.0,48.0,39.0
89.0,48.0,25.0
89.0,44.0,45.0
89.0,38.0,61.0
89.0,31.0,66.0
89.0,38.0,23.0
89.0,38.0,23.0
89.0,59.0,28.0
89.0,40.0,24.0
89.0,37.0,50.0
89.0,42.0,21.0
89.0,44.0,30.0
89.0,36.0,83.0
89.0,33.0,35.0
89.0,39.0,39.0
89.0,37.0,28.0
89.0,47.0,84.0
89.0,38.0,24.0
89.0,38.0,22.0
89.0,47.0,52.0
89.0,37.0,56.0
89.0,42.0,26.0
89.0,49.0,18.0
89.0,40.0,24.0
89.0,42.0,57.0
89.0,39.0,19.0
89.0,49.0,40.0
89.0,38.0,51.0
89.0,46.0,20.0
89.0,41.0,50.0
89.0,48.0,65.0
89.0,35.0,28.0
89.0,44.0,58.0
89.0,34.0,51.0
89.0,31.0,41.0
89.0,30.0,55.0
89.0,41.0,43.0
89.0,35.0,21.0
89.0,40.0,42.0
89.0,41.0,34.0
89.0,36.0,60.0
89.0,38.0,41.0
89.0,38.0,33.0
89.0,42.0,44.0
89.0,46.0,21.0
89.0,48.0,57.0
89.0,41.0,58.0
89.0,31.0,65.0
89.0,48.0,19.0
89.0,42.0,41.0
89.0,39.0,47.0
89.0,36.0,29.0
89.0,44.0,35.0
89.0,35.0,71.0
89.0,36.0,47.0
89.0,47.0,15.0
89.0,34.0,24.0
89.0,40.0,33.0
89.0,46.0,8.0
89.0,40.0,33.0
89.0,42.0,16.0
89.0,42.0,47.0
89.0,37.0,62.0
89.0,35.0,25.0
89.0,39.0,44.0
89.0,42.0,73.0
89.0,44.0,17.0
89.0,37.0,44.0
89.0,44.0,26.0
89.0,44.0,49.0
89.0,38.0,20.0
89.0,43.0,49.0
89.0,36.0,35.0
89.0,40.0,59.0
89.0,32.0,49.0
89.0,41.0,25.0
89.0,36.0,46.0
89.0,54.0,23.0
89.0,41.0,73.0
89.0,40.0,70.0
89.0,31.0,20.0
89.0,38.0,55.0
89.0,39.0,42.0
89.0,37.0,15.0
89.0,37.0,39.0
89.0,42.0,57.0
89.0,38.0,27.0
89.0,44.0,27.0
89.0,37.0,30.0
89.0,36.0,17.0
89.0,47.0,32.0
89.0,39.0,66.0
89.0,53.0,34.0
89.0,37.0,52.0
89.0,37.0,58.0
89.0,45.0,57.0
89.0,40.0,77.0
89.0,57.0,49.0
89.0,40.0,66.0
89.0,44.0,37.0
89.0,44.0,5.0
89.0,39.0,73.0
89.0,45.0,33.0
89.0,39.0,44.0
89.0,42.0,27.0
89.0,41.0,69.0
89.0,52.0,67.0
89.0,41.0,42.0
89.0,42.0,32.0
89.0,41.0,67.0
89.0,40.0,38.0
89.0,40.0,68.0
89.0,46.0,71.0
89.0,45.0,40.0
89.0,45.0,56.0
89.0,43.0,36.0
89.0,53.0,38.0
89.0,35.0,48.0
89.0,50.0,23.0
89.0,40.0,47.0
89.0,34.0,51.0
89.0,38.0,70.0
89.0,38.0,44.0
89.0,44.0,17.0
89.0,45.0,47.0
89.0,45.0,29.0
89.0,37.0,36.0
89.0,38.0,38.0
89.0,41.0,10.0
89.0,37.0,29.0
89.0,45.0,14.0
89.0,38.0,49.0
89.0,51.0,21.0
89.0,45.0,62.0
89.0,34.0,51.0
89.0,35.0,44.0
89.0,49.0,19.0
89.0,47.0,29.0
89.0,45.0,39.0
89.0,40.0,25.0
89.0,49.0,53.0
89.0,34.0,79.0
89.0,40.0,34.0
89.0,51.0,46.0
89.0,40.0,77.0
89.0,41.0,8.0
89.0,43.0,33.0
89.0,50.0,34.0
89.0,39.0,27.0
89.0,46.0,39.0
89.0,48.0,35.0
89.0,46.0,44.0
89.0,43.0,24.0
89.0,34.0,31.0
89.0,44.0,42.0
89.0,50.0,37.0
89.0,42.0,57.0
89.0,40.0,29.0
89.0,42.0,41.0
89.0,40.0,67.0
90.0,41.0,75.0
90.0,51.0,59.0
90.0,46.0,42.0
90.0,40.0,39.0
90.0,42.0,33.0
90.0,14.0,56.0
90.0,38.0,58.0
90.0,38.0,22.0
90.0,44.0,61.0
90.0,41.0,34.0
90.0,81.0,28.0
90.0,49.0,14.0
90.0,50.0,8.0
90.0,48.0,33.0
90.0,38.0,17.0
90.0,43.0,18.0
90.0,38.0,41.0
90.0,37.0,41.0
90.0,38.0,13.0
90.0,38.0,26.0
90.0,53.0,15.0
90.0,43.0,35.0
90.0,50.0,23.0
90.0,44.0,26.0
90.0,36.0,21.0
90.0,46.0,61.0
90.0,57.0,75.0
90.0,41.0,54.0
90.0,39.0,26.0
90.0,45.0,66.0
90.0,45.0,30.0
90.0,41.0,24.0
90.0,40.0,34.0
90.0,47.0,29.0
90.0,43.0,34.0
90.0,41.0,13.0
90.0,45.0,63.0
90.0,58.0,26.0
90.0,44.0,30.0
90.0,39.0,27.0
90.0,36.0,19.0
90.0,40.0,21.0
90.0,37.0,16.0
90.0,35.0,45.0
90.0,42.0,46.0
90.0,42.0,50.0
90.0,44.0,30.0
90.0,45.0,17.0
90.0,44.0,80.0
90.0,31.0,37.0
90.0,46.0,46.0
90.0,65.0,34.0
90.0,44.0,36.0
90.0,47.0,46.0
90.0,35.0,25.0
90.0,52.0,56.0
90.0,43.0,35.0
90.0,37.0,46.0
90.0,46.0,37.0
90.0,41.0,42.0
90.0,45.0,13.0
90.0,48.0,41.0
90.0,46.0,65.0
90.0,46.0,34.0
90.0,41.0,48.0
90.0,34.0,87.0
90.0,34.0,58.0
90.0,37.0,86.0
90.0,40.0,22.0
90.0,42.0,53.0
90.0,48.0,31.0
90.0,45.0,41.0
90.0,41.0,65.0
90.0,40.0,54.0
90.0,34.0,39.0
90.0,48.0,51.0
90.0,40.0,52.0
90.0,42.0,51.0
90.0,44.0,26.0
90.0,45.0,86.0
90.0,35.0,13.0
90.0,41.0,39.0
90.0,40.0,28.0
90.0,45.0,31.0
90.0,37.0,71.0
90.0,58.0,17.0
90.0,34.0,39.0
90.0,41.0,53.0
90.0,42.0,60.0
90.0,47.0,63.0
90.0,43.0,48.0
90.0,32.0,43.0
90.0,32.0,35.0
90.0,39.0,25.0
90.0,42.0,31.0
90.0,47.0,36.0
90.0,40.0,81.0
90.0,36.0,37.0
90.0,46.0,22.0
90.0,39.0,62.0
90.0,49.0,47.0
90.0,38.0,34.0
90.0,50.0,17.0
90.0,49.0,47.0
90.0,40.0,17.0
90.0,41.0,23.0
90.0,41.0,19.0
90.0,38.0,71.0
90.0,48.0,30.0
90.0,35.0,56.0
90.0,36.0,31.0
90.0,37.0,36.0
90.0,45.0,74.0
90.0,26.0,76.0
90.0,47.0,51.0
90.0,44.0,54.0
90.0,42.0,15.0
90.0,42.0,45.0
90.0,37.0,77.0
90.0,37.0,55.0
90.0,42.0,27.0
90.0,37.0,23.0
90.0,47.0,51.0
90.0,41.0,28.0
90.0,41.0,37.0
90.0,42.0,18.0
90.0,38.0,43.0
90.0,52.0,40.0
90.0,53.0,39.0
90.0,45.0,24.0
90.0,36.0,66.0
90.0,51.0,28.0
90.0,30.0,45.0
90.0,41.0,61.0
90.0,37.0,42.0
90.0,47.0,49.0
90.0,42.0,16.0
90.0,42.0,97.0
90.0,36.0,19.0
90.0,35.0,38.0
90.0,35.0,87.0
90.0,44.0,42.0
90.0,46.0,43.0
90.0,37.0,63.0
90.0,46.0,55.0
90.0,46.0,35.0
90.0,39.0,43.0
90.0,41.0,31.0
90.0,43.0,41.0
90.0,37.0,26.0
90.0,46.0,51.0
90.0,58.0,30.0
90.0,33.0,37.0
90.0,39.0,50.0
90.0,47.0,47.0
90.0,36.0,31.0
90.0,50.0,26.0
90.0,34.0,21.0
90.0,35.0,98.0
90.0,43.0,28.0
90.0,38.0,62.0
90.0,44.0,60.0
90.0,45.0,57.0
90.0,38.0,62.0
90.0,15.0,98.0
90.0,35.0,43.0
90.0,45.0,58.0
90.0,44.0,23.0
90.0,38.0,54.0
90.0,38.0,23.0
90.0,39.0,53.0
90.0,39.0,65.0
90.0,44.0,33.0
90.0,28.0,59.0
90.0,48.0,56.0
90.0,36.0,44.0
90.0,39.0,19.0
90.0,45.0,37.0
90.0,39.0,52.0
90.0,50.0,34.0
90.0,35.0,71.0
90.0,30.0,40.0
90.0,46.0,32.0
90.0,42.0,65.0
90.0,43.0,43.0
90.0,36.0,27.0
90.0,42.0,35.0
90.0,35.0,53.0
90.0,41.0,43.0
90.0,35.0,25.0
90.0,40.0,47.0
90.0,50.0,45.0
90.0,40.0,27.0
90.0,41.0,41.0
90.0,35.0,52.0
90.0,40.0,31.0
90.0,53.0,75.0
90.0,40.0,26.0
90.0,45.0,49.0
90.0,49.0,81.0
90.0,42.0,35.0
90.0,42.0,45.0
90.0,49.0,45.0
90.0,46.0,75.0
90.0,32.0,22.0
90.0,42.0,59.0
90.0,35.0,35.0
90.0,30.0,36.0
90.0,44.0,44.0
90.0,41.0,33.0
90.0,43.0,34.0
90.0,28.0,19.0
90.0,39.0,21.0
90.0,40.0,37.0
90.0,38.0,44.0
90.0,43.0,20.0
90.0,40.0,39.0
90.0,40.0,23.0
90.0,37.0,36.0
90.0,49.0,38.0
90.0,38.0,34.0
90.0,42.0,16.0
90.0,43.0,19.0
90.0,37.0,61.0
90.0,33.0,54.0
90.0,38.0,82.0
90.0,43.0,30.0
90.0,40.0,30.0
90.0,39.0,28.0
90.0,39.0,81.0
90.0,40.0,18.0
90.0,34.0,37.0
90.0,46.0,29.0
90.0,45.0,27.0
90.0,45.0,35.0
91.0,34.0,37.0
91.0,42.0,58.0
91.0,34.0,37.0
91.0,55.0,57.0
91.0,53.0,29.0
91.0,45.0,46.0
91.0,37.0,54.0
91.0,40.0,61.0
91.0,52.0,42.0
91.0,48.0,31.0
91.0,42.0,34.0
91.0,46.0,39.0
91.0,37.0,36.0
91.0,45.0,52.0
91.0,46.0,15.0
91.0,47.0,27.0
91.0,37.0,32.0
91.0,41.0,44.0
91.0,46.0,65.0
91.0,42.0,82.0
91.0,68.0,24.0
91.0,31.0,33.0
91.0,42.0,57.0
91.0,48.0,71.0
91.0,48.0,29.0
91.0,51.0,40.0
91.0,41.0,30.0
91.0,19.0,91.0
91.0,36.0,68.0
91.0,42.0,66.0
91.0,40.0,25.0
91.0,46.0,29.0
91.0,42.0,45.0
91.0,35.0,25.0
91.0,39.0,34.0
91.0,42.0,35.0
91.0,51.0,39.0
91.0,39.0,23.0
91.0,45.0,53.0
91.0,45.0,10.0
91.0,39.0,36.0
91.0,43.0,56.0
91.0,64.0,27.0
91.0,40.0,35.0
91.0,45.0,42.0
91.0,46.0,53.0
91.0,52.0,22.0
91.0,48.0,31.0
91.0,40.0,47.0
91.0,39.0,52.0
91.0,41.0,22.0
91.0,45.0,26.0
91.0,32.0,39.0
91.0,51.0,51.0
91.0,39.0,44.0
91.0,42.0,36.0
91.0,36.0,35.0
91.0,48.0,13.0
91.0,46.0,45.0
91.0,42.0,64.0
91.0,41.0,33.0
91.0,39.0,47.0
91.0,34.0,49.0
91.0,43.0,56.0
91.0,50.0,24.0
91.0,32.0,50.0
91.0,43.0,69.0
91.0,46.0,23.0
91.0,40.0,42.0
91.0,44.0,43.0
91.0,33.0,47.0
91.0,51.0,19.0
91.0,43.0,11.0
91.0,45.0,35.0
91.0,47.0,29.0
91.0,39.0,21.0
91.0,43.0,50.0
91.0,42.0,60.0
91.0,39.0,52.0
91.0,57.0,29.0
91.0,45.0,25.0
91.0,48.0,30.0
91.0,40.0,46.0
91.0,39.0,58.0
91.0,35.0,51.0
91.0,38.0,43.0
91.0,47.0,29.0
91.0,31.0,54.0
91.0,35.0,47.0
91.0,50.0,25.0
91.0,39.0,55.0
91.0,35.0,54.0
91.0,50.0,67.0
91.0,48.0,40.0
91.0,48.0,36.0
91.0,56.0,27.0
91.0,17.0,100.0
91.0,44.0,37.0
91.0,46.0,34.0
91.0,41.0,65.0
91.0,42.0,42.0
91.0,50.0,53.0
91.0,46.0,39.0
91.0,45.0,30.0
91.0,46.0,80.0
91.0,38.0,53.0
91.0,47.0,58.0
91.0,37.0,40.0
91.0,42.0,44.0
91.0,37.0,13.0
91.0,40.0,84.0
91.0,36.0,63.0
91.0,41.0,32.0
91.0,41.0,34.0
91.0,40.0,31.0
91.0,40.0,44.0
91.0,35.0,61.0
91.0,61.0,12.0
91.0,42.0,42.0
91.0,51.0,33.0
91.0,38.0,42.0
91.0,36.0,72.0
91.0,41.0,39.0
91.0,39.0,25.0
91.0,43.0,26.0
91.0,35.0,30.0
91.0,49.0,25.0
91.0,44.0,39.0
91.0,38.0,54.0
91.0,39.0,64.0
91.0,42.0,34.0
91.0,25.0,68.0
91.0,43.0,45.0
91.0,47.0,23.0
91.0,41.0,65.0
91.0,42.0,49.0
91.0,43.0,49.0
91.0,42.0,16.0
91.0,43.0,25.0
91.0,44.0,64.0
91.0,38.0,21.0
91.0,42.0,17.0
91.0,44.0,21.0
91.0,48.0,57.0
91.0,49.0,78.0
91.0,35.0,31.0
91.0,38.0,40.0
91.0,45.0,38.0
91.0,42.0,41.0
91.0,39.0,28.0
91.0,50.0,35.0
91.0,38.0,28.0
91.0,63.0,13.0
91.0,41.0,36.0
91.0,38.0,52.0
91.0,45.0,57.0
91.0,42.0,34.0
91.0,40.0,60.0
91.0,38.0,12.0
91.0,39.0,20.0
91.0,47.0,34.0
91.0,42.0,41.0
91.0,47.0,59.0
91.0,47.0,58.0
91.0,42.0,31.0
91.0,47.0,64.0
91.0,24.0,91.0
91.0,46.0,35.0
91.0,47.0,55.0
91.0,35.0,42.0
91.0,46.0,25.0
91.0,49.0,68.0
91.0,48.0,55.0
91.0,44.0,36.0
91.0,46.0,22.0
91.0,39.0,45.0
91.0,46.0,23.0
91.0,47.0,35.0
91.0,48.0,38.0
91.0,40.0,28.0
91.0,47.0,28.0
91.0,45.0,60.0
91.0,41.0,79.0
91.0,38.0,38.0
91.0,37.0,14.0
91.0,46.0,27.0
91.0,37.0,42.0
91.0,38.0,58.0
91.0,42.0,43.0
91.0,45.0,64.0
91.0,50.0,18.0
91.0,35.0,35.0
91.0,46.0,32.0
92.0,55.0,15.0
92.0,45.0,27.0
92.0,46.0,42.0
92.0,43.0,26.0
92.0,39.0,22.0
92.0,62.0,64.0
92.0,44.0,50.0
92.0,48.0,19.0
92.0,39.0,68.0
92.0,34.0,26.0
92.0,39.0,61.0
92.0,44.0,22.0
92.0,46.0,56.0
92.0,41.0,31.0
92.0,41.0,34.0
92.0,41.0,34.0
92.0,43.0,39.0
92.0,53.0,26.0
92.0,39.0,54.0
92.0,54.0,24.0
92.0,42.0,60.0
92.0,34.0,52.0
92.0,43.0,39.0
92.0,49.0,28.0
92.0,50.0,13.0
92.0,60.0,22.0
92.0,45.0,30.0
92.0,41.0,34.0
92.0,49.0,44.0
92.0,49.0,29.0
92.0,40.0,65.0
92.0,41.0,79.0
92.0,36.0,48.0
92.0,50.0,40.0
92.0,39.0,32.0
92.0,42.0,59.0
92.0,58.0,52.0
92.0,39.0,29.0
92.0,34.0,31.0
92.0,51.0,23.0
92.0,51.0,34.0
92.0,46.0,26.0
92.0,46.0,37.0
92.0,36.0,49.0
92.0,49.0,23.0
92.0,36.0,45.0
92.0,36.0,33.0
92.0,37.0,90.0
92.0,48.0,19.0
92.0,35.0,74.0
92.0,37.0,39.0
92.0,52.0,12.0
92.0,38.0,50.0
92.0,39.0,31.0
92.0,41.0,11.0
92.0,38.0,43.0
92.0,61.0,40.0
92.0,40.0,30.0
92.0,38.0,46.0
92.0,51.0,20.0
92.0,43.0,40.0
92.0,43.0,50.0
92.0,40.0,29.0
92.0,34.0,17.0
92.0,41.0,41.0
92.0,50.0,28.0
92.0,52.0,13.0
92.0,33.0,51.0
92.0,52.0,35.0
92.0,46.0,47.0
92.0,40.0,51.0
92.0,42.0,48.0
92.0,51.0,31.0
92.0,51.0,14.0
92.0,45.0,21.0
92.0,47.0,26.0
92.0,43.0,38.0
92.0,40.0,32.0
92.0,41.0,20.0
92.0,45.0,53.0
92.0,49.0,27.0
92.0,38.0,41.0
92.0,43.0,56.0
92.0,42.0,45.0
92.0,36.0,58.0
92.0,46.0,37.0
92.0,58.0,23.0
92.0,35.0,59.0
92.0,48.0,19.0
92.0,46.0,42.0
92.0,50.0,23.0
92.0,39.0,42.0
92.0,36.0,42.0
92.0,44.0,23.0
92.0,58.0,55.0
92.0,52.0,11.0
92.0,41.0,53.0
92.0,44.0,66.0
92.0,35.0,53.0
92.0,39.0,39.0
92.0,42.0,67.0
92.0,44.0,74.0
92.0,39.0,95.0
92.0,46.0,48.0
92.0,43.0,27.0
92.0,49.0,56.0
92.0,47.0,52.0
92.0,44.0,40.0
92.0,44.0,29.0
92.0,44.0,62.0
92.0,58.0,32.0
92.0,35.0,25.0
92.0,38.0,70.0
92.0,45.0,19.0
92.0,44.0,79.0
92.0,46.0,34.0
92.0,39.0,28.0
92.0,37.0,34.0
92.0,42.0,60.0
92.0,38.0,52.0
92.0,43.0,37.0
92.0,43.0,25.0
92.0,54.0,32.0
92.0,36.0,32.0
92.0,37.0,18.0
92.0,39.0,15.0
92.0,46.0,43.0
92.0,36.0,33.0
92.0,37.0,39.0
92.0,45.0,33.0
92.0,48.0,24.0
92.0,40.0,85.0
92.0,38.0,24.0
92.0,57.0,51.0
92.0,34.0,53.0
92.0,47.0,23.0
92.0,37.0,42.0
92.0,43.0,22.0
92.0,52.0,59.0
92.0,51.0,13.0
92.0,38.0,14.0
92.0,48.0,18.0
92.0,41.0,55.0
92.0,44.0,23.0
92.0,43.0,44.0
92.0,52.0,34.0
92.0,39.0,46.0
92.0,44.0,40.0
92.0,45.0,33.0
92.0,40.0,59.0
92.0,44.0,24.0
92.0,40.0,33.0
92.0,59.0,33.0
92.0,41.0,17.0
92.0,53.0,15.0
92.0,76.0,3.0
92.0,46.0,51.0
92.0,43.0,58.0
92.0,42.0,44.0
92.0,48.0,13.0
92.0,46.0,64.0
92.0,52.0,27.0
92.0,37.0,16.0
92.0,10.0,92.0
92.0,47.0,52.0
92.0,38.0,64.0
92.0,38.0,22.0
92.0,52.0,39.0
92.0,44.0,36.0
92.0,46.0,23.0
92.0,41.0,55.0
92.0,63.0,21.0
92.0,46.0,8.0
92.0,41.0,17.0
92.0,46.0,14.0
92.0,38.0,43.0
92.0,38.0,24.0
92.0,38.0,53.0
92.0,39.0,37.0
92.0,39.0,26.0
92.0,53.0,14.0
92.0,41.0,29.0
92.0,37.0,36.0
92.0,45.0,51.0
92.0,44.0,20.0
92.0,65.0,13.0
92.0,42.0,79.0
92.0,43.0,42.0
92.0,42.0,22.0
92.0,40.0,50.0
92.0,43.0,32.0
92.0,42.0,30.0
92.0,54.0,19.0
92.0,57.0,67.0
92.0,37.0,36.0
92.0,45.0,56.0
92.0,40.0,29.0
92.0,43.0,20.0
92.0,44.0,23.0
92.0,49.0,55.0
92.0,46.0,26.0
92.0,39.0,69.0
92.0,38.0,48.0
92.0,41.0,23.0
92.0,40.0,37.0
93.0,39.0,57.0
93.0,51.0,50.0
93.0,49.0,28.0
93.0,44.0,64.0
93.0,51.0,48.0
93.0,42.0,60.0
93.0,55.0,22.0
93.0,44.0,52.0
93.0,36.0,78.0
93.0,37.0,39.0
93.0,40.0,35.0
93.0,45.0,12.0
93.0,40.0,45.0
93.0,46.0,32.0
93.0,45.0,51.0
93.0,37.0,72.0
93.0,9.0,96.0
93.0,46.0,46.0
93.0,40.0,44.0
93.0,46.0,28.0
93.0,42.0,15.0
93.0,37.0,42.0
93.0,40.0,38.0
93.0,51.0,47.0
93.0,44.0,28.0
93.0,41.0,73.0
93.0,50.0,51.0
93.0,39.0,50.0
93.0,45.0,49.0
93.0,43.0,56.0
93.0,37.0,30.0
93.0,47.0,42.0
93.0,46.0,52.0
93.0,41.0,67.0
93.0,43.0,59.0
93.0,45.0,42.0
93.0,47.0,27.0
93.0,53.0,43.0
93.0,52.0,28.0
93.0,41.0,43.0
93.0,36.0,37.0
93.0,46.0,37.0
93.0,48.0,47.0
93.0,51.0,85.0
93.0,48.0,31.0
93.0,40.0,56.0
93.0,43.0,21.0
93.0,42.0,39.0
93.0,51.0,20.0
93.0,43.0,68.0
93.0,44.0,67.0
93.0,53.0,33.0
93.0,51.0,28.0
93.0,49.0,37.0
93.0,45.0,64.0
93.0,54.0,24.0
93.0,51.0,84.0
93.0,41.0,50.0
93.0,49.0,82.0
93.0,38.0,16.0
93.0,43.0,54.0
93.0,30.0,27.0
93.0,47.0,32.0
93.0,43.0,26.0
93.0,47.0,34.0
93.0,42.0,51.0
93.0,37.0,46.0
93.0,54.0,53.0
93.0,44.0,42.0
93.0,49.0,38.0
93.0,18.0,34.0
93.0,44.0,36.0
93.0,50.0,23.0
93.0,57.0,60.0
93.0,36.0,62.0
93.0,42.0,47.0
93.0,43.0,28.0
93.0,31.0,23.0
93.0,38.0,22.0
93.0,40.0,22.0
93.0,52.0,46.0
93.0,49.0,35.0
93.0,58.0,28.0
93.0,58.0,53.0
93.0,39.0,35.0
93.0,50.0,16.0
93.0,61.0,34.0
93.0,46.0,17.0
93.0,43.0,48.0
93.0,39.0,20.0
93.0,41.0,30.0
93.0,52.0,14.0
93.0,48.0,28.0
93.0,37.0,16.0
93.0,65.0,26.0
93.0,46.0,46.0
93.0,51.0,14.0
93.0,49.0,66.0
93.0,46.0,27.0
93.0,53.0,41.0
93.0,54.0,25.0
93.0,50.0,3.0
93.0,41.0,28.0
93.0,48.0,30.0
93.0,48.0,41.0
93.0,44.0,32.0
93.0,53.0,38.0
93.0,45.0,28.0
93.0,55.0,15.0
93.0,53.0,51.0
93.0,52.0,33.0
93.0,40.0,76.0
93.0,40.0,19.0
93.0,47.0,19.0
93.0,41.0,35.0
93.0,48.0,34.0
93.0,6.0,79.0
93.0,44.0,45.0
93.0,43.0,50.0
93.0,38.0,48.0
93.0,47.0,46.0
93.0,43.0,18.0
93.0,43.0,50.0
93.0,38.0,30.0
93.0,44.0,55.0
93.0,43.0,33.0
93.0,52.0,18.0
93.0,46.0,43.0
93.0,36.0,32.0
93.0,47.0,49.0
93.0,62.0,38.0
93.0,39.0,44.0
93.0,32.0,55.0
93.0,51.0,59.0
93.0,47.0,37.0
93.0,37.0,25.0
93.0,41.0,32.0
93.0,51.0,30.0
93.0,58.0,5.0
93.0,34.0,46.0
93.0,56.0,32.0
93.0,45.0,58.0
93.0,55.0,27.0
93.0,14.0,96.0
93.0,40.0,29.0
93.0,42.0,48.0
93.0,48.0,40.0
93.0,39.0,27.0
93.0,46.0,34.0
93.0,38.0,62.0
93.0,35.0,53.0
93.0,45.0,33.0
93.0,50.0,50.0
93.0,12.0,98.0
93.0,44.0,16.0
93.0,57.0,64.0
93.0,17.0,71.0
93.0,41.0,33.0
93.0,40.0,58.0
93.0,48.0,42.0
93.0,67.0,19.0
93.0,52.0,23.0
93.0,54.0,30.0
93.0,46.0,34.0
93.0,53.0,20.0
93.0,49.0,46.0
93.0,46.0,34.0
93.0,37.0,18.0
93.0,37.0,55.0
93.0,48.0,11.0
93.0,40.0,20.0
93.0,38.0,15.0
93.0,43.0,43.0
93.0,40.0,88.0
93.0,7.0,98.0
93.0,40.0,39.0
93.0,46.0,47.0
93.0,49.0,22.0
93.0,36.0,27.0
93.0,48.0,29.0
93.0,44.0,23.0
93.0,33.0,47.0
93.0,56.0,28.0
93.0,40.0,52.0
93.0,38.0,59.0
93.0,55.0,48.0
93.0,32.0,55.0
93.0,35.0,51.0
93.0,45.0,18.0
93.0,52.0,34.0
93.0,44.0,70.0
93.0,52.0,33.0
93.0,53.0,37.0
93.0,38.0,31.0
93.0,47.0,45.0
93.0,42.0,55.0
93.0,45.0,51.0
93.0,43.0,53.0
93.0,73.0,11.0
93.0,40.0,37.0
93.0,45.0,28.0
93.0,47.0,41.0
93.0,13.0,93.0
93.0,37.0,100.0
93.0,36.0,25.0
93.0,45.0,42.0
93.0,23.0,5.0
93.0,41.0,39.0
93.0,47.0,79.0
93.0,37.0,48.0
93.0,41.0,34.0
93.0,48.0,34.0
93.0,49.0,23.0
93.0,45.0,20.0
93.0,53.0,5.0
93.0,50.0,17.0
93.0,39.0,33.0
93.0,45.0,41.0
93.0,44.0,50.0
94.0,48.0,23.0
94.0,40.0,33.0
94.0,41.0,17.0
94.0,49.0,38.0
94.0,44.0,25.0
94.0,36.0,50.0
94.0,81.0,13.0
94.0,48.0,30.0
94.0,44.0,21.0
94.0,45.0,32.0
94.0,44.0,48.0
94.0,39.0,26.0
94.0,22.0,81.0
94.0,46.0,40.0
94.0,31.0,58.0
94.0,47.0,47.0
94.0,49.0,35.0
94.0,42.0,11.0
94.0,38.0,55.0
94.0,48.0,39.0
94.0,48.0,33.0
94.0,43.0,46.0
94.0,51.0,44.0
94.0,44.0,54.0
94.0,53.0,16.0
94.0,49.0,26.0
94.0,48.0,54.0
94.0,51.0,15.0
94.0,48.0,25.0
94.0,41.0,54.0
94.0,44.0,32.0
94.0,60.0,21.0
94.0,55.0,19.0
94.0,42.0,27.0
94.0,60.0,66.0
94.0,46.0,10.0
94.0,9.0,50.0
94.0,43.0,48.0
94.0,47.0,56.0
94.0,38.0,66.0
94.0,54.0,29.0
94.0,47.0,40.0
94.0,49.0,37.0
94.0,45.0,55.0
94.0,40.0,49.0
94.0,40.0,25.0
94.0,50.0,35.0
94.0,44.0,33.0
94.0,41.0,45.0
94.0,45.0,52.0
94.0,39.0,27.0
94.0,54.0,29.0
94.0,50.0,30.0
94.0,42.0,56.0
94.0,41.0,77.0
94.0,48.0,46.0
94.0,39.0,40.0
94.0,43.0,67.0
94.0,35.0,86.0
94.0,42.0,42.0
94.0,58.0,25.0
94.0,49.0,43.0
94.0,36.0,39.0
94.0,41.0,37.0
94.0,35.0,44.0
94.0,39.0,62.0
94.0,55.0,37.0
94.0,50.0,49.0
94.0,50.0,41.0
94.0,39.0,28.0
94.0,42.0,25.0
94.0,54.0,38.0
94.0,43.0,35.0
94.0,46.0,38.0
94.0,47.0,44.0
94.0,45.0,23.0
94.0,39.0,49.0
94.0,51.0,20.0
94.0,46.0,25.0
94.0,39.0,35.0
94.0,51.0,37.0
94.0,40.0,51.0
94.0,55.0,20.0
94.0,47.0,49.0
94.0,50.0,37.0
94.0,51.0,46.0
94.0,46.0,80.0
94.0,51.0,27.0
94.0,68.0,62.0
94.0,40.0,50.0
94.0,40.0,38.0
94.0,52.0,25.0
94.0,7.0,39.0
94.0,55.0,56.0
94.0,34.0,42.0
94.0,44.0,29.0
94.0,50.0,72.0
94.0,43.0,55.0
94.0,38.0,56.0
94.0,9.0,100.0
94.0,45.0,26.0
94.0,45.0,54.0
94.0,56.0,11.0
94.0,48.0,65.0
94.0,49.0,16.0
94.0,35.0,68.0
94.0,44.0,59.0
94.0,47.0,28.0
94.0,43.0,45.0
94.0,48.0,38.0
94.0,45.0,24.0
94.0,50.0,22.0
94.0,41.0,20.0
94.0,46.0,34.0
94.0,50.0,25.0
94.0,42.0,31.0
94.0,45.0,35.0
94.0,56.0,25.0
94.0,43.0,52.0
94.0,37.0,42.0
94.0,54.0,31.0
94.0,41.0,76.0
94.0,45.0,30.0
94.0,45.0,40.0
94.0,50.0,71.0
94.0,52.0,17.0
94.0,36.0,47.0
94.0,56.0,42.0
94.0,40.0,44.0
94.0,48.0,46.0
94.0,49.0,22.0
94.0,42.0,41.0
94.0,46.0,39.0
94.0,46.0,37.0
94.0,61.0,11.0
94.0,36.0,45.0
94.0,40.0,35.0
94.0,45.0,30.0
94.0,57.0,18.0
94.0,50.0,15.0
94.0,50.0,43.0
94.0,41.0,59.0
94.0,52.0,39.0
94.0,51.0,33.0
94.0,35.0,24.0
94.0,56.0,15.0
94.0,45.0,19.0
94.0,52.0,24.0
94.0,55.0,41.0
94.0,54.0,27.0
94.0,49.0,34.0
94.0,45.0,89.0
94.0,50.0,15.0
94.0,50.0,21.0
94.0,55.0,26.0
94.0,37.0,38.0
94.0,36.0,25.0
94.0,48.0,42.0
94.0,41.0,53.0
95.0,54.0,30.0
95.0,52.0,66.0
95.0,54.0,24.0
95.0,63.0,16.0
95.0,47.0,35.0
95.0,44.0,19.0
95.0,56.0,36.0
95.0,47.0,22.0
95.0,43.0,67.0
95.0,47.0,45.0
95.0,46.0,52.0
95.0,47.0,20.0
95.0,53.0,35.0
95.0,53.0,14.0
95.0,37.0,10.0
95.0,37.0,19.0
95.0,9.0,53.0
95.0,43.0,30.0
95.0,61.0,45.0
95.0,39.0,34.0
95.0,40.0,39.0
95.0,43.0,48.0
95.0,50.0,34.0
95.0,51.0,17.0
95.0,46.0,22.0
95.0,46.0,25.0
95.0,44.0,41.0
95.0,57.0,63.0
95.0,42.0,49.0
95.0,38.0,51.0
95.0,15.0,93.0
95.0,48.0,36.0
95.0,55.0,11.0
95.0,69.0,25.0
95.0,57.0,33.0
95.0,44.0,20.0
95.0,47.0,63.0
95.0,42.0,40.0
95.0,40.0,47.0
95.0,41.0,27.0
95.0,52.0,16.0
95.0,54.0,48.0
95.0,37.0,40.0
95.0,46.0,37.0
95.0,45.0,50.0
95.0,47.0,15.0
95.0,48.0,42.0
95.0,50.0,42.0
95.0,52.0,32.0
95.0,49.0,30.0
95.0,48.0,46.0
95.0,29.0,52.0
95.0,51.0,59.0
95.0,55.0,15.0
95.0,13.0,77.0
95.0,41.0,57.0
95.0,50.0,35.0
95.0,45.0,37.0
95.0,46.0,28.0
95.0,50.0,30.0
95.0,56.0,38.0
95.0,53.0,47.0
95.0,50.0,46.0
95.0,47.0,43.0
95.0,50.0,57.0
95.0,55.0,24.0
95.0,58.0,11.0
95.0,42.0,11.0
95.0,42.0,57.0
95.0,72.0,21.0
95.0,46.0,19.0
95.0,42.0,44.0
95.0,51.0,19.0
95.0,54.0,36.0
95.0,12.0,89.0
95.0,50.0,22.0
95.0,48.0,40.0
95.0,35.0,45.0
95.0,47.0,48.0
95.0,44.0,47.0
95.0,44.0,28.0
95.0,43.0,47.0
95.0,58.0,25.0
95.0,54.0,22.0
95.0,51.0,14.0
95.0,43.0,19.0
95.0,56.0,24.0
95.0,53.0,19.0
95.0,65.0,22.0
95.0,65.0,35.0
95.0,55.0,32.0
95.0,50.0,56.0
95.0,39.0,57.0
95.0,37.0,33.0
95.0,35.0,63.0
95.0,43.0,26.0
95.0,49.0,41.0
95.0,48.0,39.0
95.0,61.0,42.0
95.0,47.0,28.0
95.0,56.0,24.0
95.0,59.0,24.0
95.0,50.0,65.0
95.0,44.0,27.0
95.0,52.0,19.0
95.0,49.0,38.0
95.0,44.0,43.0
95.0,41.0,31.0
95.0,46.0,28.0
95.0,43.0,58.0
95.0,50.0,72.0
95.0,49.0,63.0
95.0,40.0,51.0
95.0,34.0,62.0
95.0,51.0,27.0
95.0,40.0,65.0
95.0,48.0,31.0
95.0,51.0,63.0
95.0,77.0,21.0
95.0,51.0,43.0
95.0,44.0,54.0
95.0,45.0,7.0
95.0,82.0,21.0
95.0,50.0,27.0
95.0,55.0,40.0
95.0,46.0,48.0
95.0,43.0,14.0
95.0,64.0,34.0
95.0,47.0,51.0
95.0,52.0,32.0
95.0,55.0,39.0
95.0,42.0,35.0
95.0,43.0,24.0
95.0,54.0,33.0
95.0,53.0,33.0
95.0,43.0,45.0
95.0,54.0,57.0
95.0,39.0,56.0
95.0,53.0,23.0
95.0,51.0,40.0
95.0,49.0,72.0
95.0,47.0,51.0
95.0,47.0,55.0
95.0,52.0,39.0
95.0,58.0,19.0
95.0,43.0,23.0
95.0,49.0,41.0
95.0,35.0,11.0
95.0,49.0,15.0
95.0,55.0,45.0
95.0,46.0,57.0
96.0,49.0,23.0
96.0,58.0,44.0
96.0,39.0,31.0
96.0,48.0,31.0
96.0,57.0,18.0
96.0,34.0,94.0
96.0,46.0,44.0
96.0,43.0,29.0
96.0,48.0,64.0
96.0,49.0,47.0
96.0,56.0,35.0
96.0,52.0,15.0
96.0,54.0,37.0
96.0,50.0,40.0
96.0,71.0,24.0
96.0,61.0,26.0
96.0,50.0,42.0
96.0,58.0,32.0
96.0,62.0,25.0
96.0,43.0,12.0
96.0,45.0,19.0
96.0,48.0,56.0
96.0,59.0,29.0
96.0,50.0,57.0
96.0,54.0,54.0
96.0,52.0,24.0
96.0,64.0,52.0
96.0,52.0,18.0
96.0,52.0,18.0
96.0,49.0,11.0
96.0,52.0,16.0
96.0,40.0,9.0
96.0,50.0,37.0
96.0,51.0,58.0
96.0,32.0,44.0
96.0,40.0,71.0
96.0,49.0,15.0
96.0,49.0,17.0
96.0,49.0,46.0
96.0,6.0,94.0
96.0,46.0,35.0
96.0,48.0,31.0
96.0,33.0,77.0
96.0,54.0,26.0
96.0,53.0,36.0
96.0,55.0,27.0
96.0,56.0,36.0
96.0,38.0,53.0
96.0,48.0,38.0
96.0,48.0,49.0
96.0,54.0,40.0
96.0,56.0,44.0
96.0,59.0,63.0
96.0,42.0,37.0
96.0,11.0,100.0
96.0,47.0,36.0
96.0,53.0,41.0
96.0,56.0,44.0
96.0,35.0,16.0
96.0,53.0,33.0
96.0,58.0,15.0
96.0,40.0,39.0
96.0,43.0,41.0
96.0,48.0,69.0
96.0,44.0,42.0
96.0,47.0,20.0
96.0,46.0,26.0
96.0,58.0,24.0
96.0,53.0,25.0
96.0,55.0,26.0
96.0,59.0,14.0
96.0,66.0,17.0
96.0,6.0,48.0
96.0,48.0,11.0
96.0,49.0,41.0
96.0,7.0,97.0
96.0,44.0,20.0
96.0,47.0,44.0
96.0,58.0,21.0
96.0,62.0,27.0
96.0,52.0,27.0
96.0,54.0,27.0
96.0,53.0,15.0
96.0,49.0,60.0
96.0,45.0,51.0
96.0,57.0,25.0
96.0,58.0,42.0
96.0,50.0,42.0
96.0,42.0,19.0
96.0,50.0,36.0
96.0,8.0,100.0
96.0,38.0,21.0
96.0,52.0,25.0
96.0,58.0,17.0
96.0,8.0,88.0
96.0,56.0,14.0
96.0,53.0,41.0
96.0,46.0,37.0
96.0,44.0,43.0
96.0,51.0,20.0
96.0,41.0,61.0
96.0,46.0,35.0
96.0,46.0,85.0
96.0,47.0,38.0
96.0,56.0,54.0
96.0,12.0,61.0
96.0,56.0,13.0
96.0,10.0,95.0
96.0,56.0,35.0
96.0,52.0,34.0
96.0,48.0,34.0
96.0,43.0,17.0
96.0,64.0,26.0
96.0,54.0,74.0
96.0,45.0,44.0
96.0,47.0,51.0
96.0,42.0,31.0
96.0,48.0,44.0
96.0,65.0,78.0
96.0,44.0,40.0
96.0,59.0,49.0
96.0,52.0,26.0
96.0,58.0,14.0
96.0,47.0,41.0
96.0,5.0,64.0
96.0,49.0,43.0
96.0,41.0,46.0
96.0,63.0,12.0
96.0,38.0,37.0
96.0,57.0,32.0
96.0,51.0,27.0
96.0,54.0,36.0
96.0,18.0,59.0
96.0,44.0,33.0
96.0,43.0,64.0
96.0,44.0,31.0
96.0,52.0,15.0
96.0,54.0,23.0
96.0,39.0,71.0
96.0,49.0,20.0
96.0,56.0,46.0
96.0,67.0,39.0
96.0,4.0,67.0
96.0,12.0,97.0
96.0,59.0,10.0
96.0,70.0,10.0
97.0,7.0,95.0
97.0,64.0,30.0
97.0,58.0,50.0
97.0,38.0,19.0
97.0,47.0,33.0
97.0,51.0,60.0
97.0,57.0,29.0
97.0,63.0,15.0
97.0,51.0,43.0
97.0,61.0,6.0
97.0,58.0,36.0
97.0,55.0,17.0
97.0,43.0,16.0
97.0,50.0,16.0
97.0,62.0,25.0
97.0,42.0,52.0
97.0,39.0,74.0
97.0,51.0,26.0
97.0,60.0,17.0
97.0,62.0,36.0
97.0,39.0,30.0
97.0,36.0,46.0
97.0,60.0,20.0
97.0,46.0,40.0
97.0,35.0,63.0
97.0,72.0,11.0
97.0,51.0,18.0
97.0,7.0,97.0
97.0,58.0,27.0
97.0,67.0,19.0
97.0,50.0,53.0
97.0,44.0,53.0
97.0,49.0,63.0
97.0,45.0,40.0
97.0,40.0,14.0
97.0,41.0,49.0
97.0,5.0,96.0
97.0,62.0,61.0
97.0,44.0,49.0
97.0,59.0,30.0
97.0,70.0,21.0
97.0,65.0,28.0
97.0,53.0,30.0
97.0,58.0,46.0
97.0,51.0,13.0
97.0,55.0,15.0
97.0,61.0,60.0
97.0,56.0,27.0
97.0,53.0,15.0
97.0,62.0,35.0
97.0,54.0,31.0
97.0,51.0,24.0
97.0,55.0,32.0
97.0,54.0,29.0
97.0,56.0,32.0
97.0,54.0,34.0
97.0,66.0,26.0
97.0,41.0,40.0
97.0,45.0,44.0
97.0,55.0,28.0
97.0,53.0,51.0
97.0,44.0,43.0
97.0,31.0,88.0
97.0,52.0,31.0
97.0,49.0,79.0
97.0,57.0,29.0
97.0,58.0,23.0
97.0,58.0,26.0
97.0,9.0,83.0
97.0,50.0,29.0
97.0,55.0,16.0
97.0,81.0,40.0
97.0,52.0,71.0
97.0,3.0,68.0
97.0,51.0,23.0
97.0,4.0,100.0
97.0,45.0,47.0
97.0,52.0,36.0
97.0,58.0,24.0
97.0,58.0,42.0
97.0,66.0,22.0
97.0,59.0,52.0
97.0,62.0,32.0
97.0,55.0,32.0
97.0,59.0,49.0
97.0,40.0,43.0
97.0,55.0,56.0
97.0,52.0,68.0
97.0,69.0,20.0
97.0,57.0,18.0
97.0,39.0,23.0
97.0,53.0,44.0
97.0,49.0,61.0
97.0,53.0,30.0
97.0,4.0,91.0
97.0,63.0,19.0
97.0,39.0,27.0
97.0,42.0,46.0
97.0,45.0,25.0
97.0,44.0,64.0
97.0,47.0,63.0
97.0,52.0,12.0
97.0,45.0,39.0
97.0,9.0,84.0
97.0,7.0,91.0
97.0,40.0,59.0
97.0,52.0,37.0
97.0,40.0,14.0
97.0,46.0,29.0
97.0,52.0,31.0
97.0,52.0,66.0
97.0,56.0,60.0
97.0,48.0,24.0
97.0,46.0,30.0
97.0,45.0,67.0
97.0,50.0,51.0
97.0,60.0,44.0
97.0,48.0,25.0
97.0,57.0,48.0
97.0,60.0,48.0
97.0,56.0,27.0
97.0,56.0,27.0
97.0,37.0,58.0
97.0,6.0,77.0
97.0,43.0,40.0
97.0,57.0,42.0
97.0,46.0,16.0
98.0,46.0,40.0
98.0,3.0,95.0
98.0,2.0,75.0
98.0,42.0,36.0
98.0,47.0,20.0
98.0,38.0,12.0
98.0,55.0,25.0
98.0,57.0,16.0
98.0,58.0,37.0
98.0,69.0,5.0
98.0,4.0,99.0
98.0,61.0,37.0
98.0,51.0,19.0
98.0,47.0,33.0
98.0,52.0,13.0
98.0,57.0,30.0
98.0,66.0,32.0
98.0,48.0,51.0
98.0,56.0,42.0
98.0,70.0,33.0
98.0,49.0,39.0
98.0,4.0,100.0
98.0,46.0,16.0
98.0,49.0,31.0
98.0,70.0,18.0
98.0,3.0,99.0
98.0,72.0,8.0
98.0,54.0,73.0
98.0,67.0,62.0
98.0,42.0,56.0
98.0,44.0,55.0
98.0,3.0,96.0
98.0,5.0,77.0
98.0,63.0,44.0
98.0,3.0,86.0
98.0,48.0,61.0
98.0,54.0,15.0
98.0,57.0,27.0
98.0,45.0,36.0
98.0,38.0,46.0
98.0,50.0,28.0
98.0,71.0,43.0
98.0,4.0,73.0
98.0,46.0,10.0
98.0,44.0,64.0
98.0,45.0,49.0
98.0,53.0,22.0
98.0,51.0,23.0
98.0,74.0,43.0
98.0,70.0,28.0
98.0,46.0,31.0
98.0,57.0,30.0
98.0,68.0,7.0
98.0,53.0,45.0
98.0,67.0,43.0
98.0,43.0,40.0
98.0,62.0,16.0
98.0,56.0,21.0
98.0,73.0,17.0
98.0,50.0,8.0
98.0,66.0,23.0
98.0,52.0,11.0
98.0,58.0,22.0
98.0,52.0,18.0
98.0,52.0,47.0
98.0,4.0,97.0
98.0,5.0,81.0
98.0,47.0,46.0
98.0,46.0,26.0
98.0,50.0,14.0
98.0,46.0,40.0
98.0,46.0,53.0
98.0,45.0,21.0
98.0,49.0,23.0
98.0,55.0,26.0
98.0,56.0,19.0
98.0,60.0,31.0
98.0,57.0,13.0
98.0,58.0,24.0
98.0,3.0,97.0
98.0,65.0,40.0
98.0,61.0,23.0
98.0,4.0,97.0
98.0,71.0,16.0
98.0,62.0,45.0
98.0,55.0,30.0
98.0,51.0,62.0
98.0,3.0,97.0
98.0,56.0,42.0
98.0,55.0,28.0
98.0,66.0,25.0
98.0,54.0,60.0
98.0,46.0,45.0
98.0,59.0,32.0
98.0,51.0,16.0
98.0,65.0,25.0
98.0,69.0,40.0
98.0,64.0,24.0
98.0,67.0,30.0
98.0,5.0,100.0
98.0,59.0,21.0
98.0,57.0,27.0
98.0,65.0,31.0
98.0,51.0,19.0
98.0,64.0,22.0
98.0,57.0,54.0
98.0,51.0,56.0
98.0,65.0,26.0
98.0,63.0,36.0
98.0,57.0,47.0
98.0,53.0,39.0
98.0,48.0,70.0
98.0,47.0,14.0
98.0,56.0,23.0
98.0,63.0,13.0
98.0,63.0,6.0
98.0,48.0,20.0
98.0,5.0,100.0
98.0,50.0,21.0
98.0,59.0,49.0
98.0,49.0,30.0
98.0,51.0,21.0
99.0,60.0,20.0
99.0,50.0,51.0
99.0,59.0,43.0
99.0,56.0,77.0
99.0,43.0,58.0
99.0,59.0,26.0
99.0,61.0,15.0
99.0,2.0,72.0
99.0,2.0,100.0
99.0,44.0,46.0
99.0,71.0,17.0
99.0,53.0,58.0
99.0,57.0,22.0
99.0,60.0,18.0
99.0,64.0,26.0
99.0,2.0,97.0
99.0,61.0,26.0
99.0,52.0,49.0
99.0,61.0,44.0
99.0,58.0,23.0
99.0,2.0,97.0
99.0,60.0,24.0
99.0,51.0,41.0
99.0,1.0,93.0
99.0,62.0,50.0
99.0,60.0,39.0
99.0,63.0,58.0
99.0,4.0,79.0
99.0,68.0,47.0
99.0,59.0,36.0
99.0,2.0,100.0
99.0,54.0,39.0
99.0,68.0,11.0
99.0,60.0,40.0
99.0,54.0,31.0
99.0,53.0,33.0
99.0,47.0,26.0
99.0,63.0,21.0
99.0,62.0,20.0
99.0,49.0,19.0
99.0,48.0,39.0
99.0,45.0,31.0
99.0,59.0,19.0
99.0,65.0,22.0
99.0,2.0,100.0
99.0,57.0,34.0
99.0,63.0,14.0
99.0,50.0,67.0
99.0,68.0,23.0
99.0,63.0,30.0
99.0,46.0,22.0
99.0,57.0,31.0
99.0,2.0,90.0
99.0,1.0,70.0
99.0,2.0,52.0
99.0,71.0,28.0
99.0,49.0,48.0
99.0,49.0,51.0
99.0,63.0,51.0
99.0,58.0,44.0
99.0,1.0,74.0
99.0,47.0,34.0
99.0,55.0,57.0
99.0,69.0,42.0
99.0,1.0,98.0
99.0,59.0,16.0
99.0,56.0,36.0
99.0,1.0,62.0
99.0,64.0,22.0
99.0,65.0,67.0
99.0,52.0,25.0
99.0,50.0,33.0
99.0,37.0,70.0
99.0,2.0,92.0
99.0,82.0,8.0
99.0,56.0,17.0
99.0,55.0,14.0
99.0,49.0,51.0
99.0,66.0,29.0
99.0,45.0,8.0
99.0,67.0,14.0
100.0,65.0,21.0
100.0,66.0,33.0
100.0,59.0,44.0
100.0,54.0,31.0
100.0,42.0,95.0
100.0,67.0,41.0
100.0,56.0,62.0
100.0,63.0,65.0
100.0,69.0,27.0
100.0,54.0,25.0
100.0,51.0,57.0
100.0,68.0,13.0
100.0,46.0,48.0
100.0,63.0,12.0
100.0,55.0,49.0
100.0,54.0,55.0
100.0,61.0,15.0
100.0,45.0,46.0
100.0,51.0,43.0
100.0,68.0,13.0
100.0,1.0,98.0
100.0,63.0,68.0
100.0,72.0,46.0
100.0,54.0,57.0
100.0,68.0,11.0
100.0,60.0,24.0
100.0,58.0,36.0
100.0,56.0,17.0
100.0,73.0,35.0
100.0,66.0,41.0
100.0,1.0,96.0
100.0,1.0,81.0
100.0,71.0,7.0
100.0,57.0,35.0
100.0,77.0,47.0
100.0,1.0,98.0
100.0,41.0,44.0
100.0,60.0,56.0
100.0,48.0,41.0
100.0,1.0,98.0
100.0,1.0,87.0
100.0,58.0,43.0
100.0,43.0,30.0
100.0,1.0,79.0
100.0,1.0,99.0
100.0,45.0,45.0
100.0,63.0,40.0
100.0,58.0,36.0
100.0,70.0,39.0
100.0,59.0,38.0
100.0,0.0,84.0
100.0,52.0,25.0
100.0,63.0,44.0
100.0,79.0,45.0
101.0,76.0,47.0
101.0,69.0,14.0
101.0,68.0,27.0
101.0,78.0,55.0
101.0,51.0,24.0
101.0,60.0,52.0
101.0,61.0,37.0
101.0,88.0,9.0
101.0,59.0,60.0
101.0,67.0,12.0
101.0,68.0,10.0
101.0,56.0,42.0
101.0,55.0,18.0
101.0,70.0,35.0
101.0,71.0,55.0
101.0,50.0,38.0
101.0,50.0,35.0
101.0,65.0,17.0
101.0,72.0,52.0
101.0,61.0,16.0
101.0,55.0,7.0
101.0,60.0,52.0
101.0,54.0,22.0
101.0,74.0,16.0
101.0,62.0,19.0
101.0,62.0,8.0
101.0,75.0,24.0
101.0,63.0,30.0
101.0,49.0,30.0
101.0,53.0,61.0
101.0,61.0,16.0
101.0,42.0,46.0
101.0,44.0,39.0
101.0,60.0,18.0
101.0,78.0,33.0
101.0,54.0,34.0
101.0,61.0,20.0
101.0,50.0,15.0
101.0,38.0,38.0
101.0,43.0,41.0
101.0,63.0,59.0
101.0,69.0,28.0
102.0,73.0,45.0
102.0,62.0,26.0
102.0,66.0,11.0
102.0,46.0,22.0
102.0,56.0,23.0
102.0,66.0,49.0
102.0,74.0,27.0
102.0,60.0,38.0
102.0,52.0,46.0
102.0,61.0,4.0
102.0,70.0,27.0
102.0,65.0,9.0
102.0,61.0,38.0
102.0,59.0,52.0
102.0,51.0,29.0
102.0,90.0,43.0
102.0,72.0,28.0
102.0,52.0,20.0
102.0,80.0,40.0
102.0,71.0,31.0
102.0,67.0,23.0
102.0,59.0,42.0
102.0,85.0,28.0
102.0,68.0,60.0
102.0,61.0,35.0
102.0,70.0,17.0
102.0,72.0,21.0
102.0,67.0,39.0
102.0,61.0,23.0
102.0,66.0,39.0
103.0,91.0,10.0
103.0,75.0,38.0
103.0,78.0,18.0
103.0,82.0,16.0
103.0,69.0,60.0
103.0,98.0,33.0
103.0,80.0,20.0
103.0,83.0,42.0
103.0,69.0,23.0
103.0,52.0,27.0
103.0,66.0,17.0
103.0,69.0,26.0
103.0,81.0,58.0
103.0,70.0,56.0
103.0,62.0,50.0
103.0,87.0,28.0
103.0,77.0,34.0
103.0,68.0,37.0
103.0,86.0,9.0
103.0,30.0,37.0
103.0,62.0,46.0
103.0,61.0,17.0
103.0,63.0,39.0
103.0,82.0,25.0
103.0,71.0,14.0
103.0,46.0,47.0
103.0,67.0,34.0
103.0,87.0,36.0
103.0,83.0,12.0
103.0,55.0,15.0
103.0,80.0,28.0
103.0,62.0,26.0
103.0,71.0,44.0
103.0,67.0,27.0
104.0,61.0,15.0
104.0,65.0,18.0
104.0,64.0,11.0
104.0,73.0,46.0
104.0,77.0,50.0
104.0,64.0,26.0
104.0,95.0,24.0
104.0,66.0,37.0
104.0,99.0,20.0
104.0,81.0,20.0
104.0,79.0,36.0
104.0,75.0,23.0
104.0,62.0,21.0
104.0,68.0,38.0
104.0,59.0,36.0
104.0,51.0,13.0
104.0,81.0,10.0
104.0,66.0,10.0
104.0,67.0,49.0
104.0,78.0,40.0
104.0,71.0,33.0
104.0,68.0,13.0
104.0,74.0,22.0
105.0,79.0,27.0
105.0,89.0,19.0
105.0,77.0,14.0
105.0,85.0,17.0
105.0,80.0,24.0
105.0,100.0,9.0
105.0,77.0,48.0
105.0,71.0,22.0
105.0,86.0,20.0
105.0,75.0,24.0
105.0,65.0,32.0
105.0,83.0,26.0
105.0,79.0,9.0
105.0,85.0,32.0
105.0,86.0,21.0
105.0,76.0,65.0
105.0,81.0,77.0
106.0,75.0,55.0
106.0,66.0,69.0
106.0,57.0,22.0
106.0,76.0,3.0
106.0,84.0,34.0
106.0,73.0,17.0
106.0,81.0,18.0
106.0,88.0,17.0
106.0,66.0,26.0
106.0,73.0,58.0
106.0,91.0,55.0
106.0,62.0,27.0
106.0,87.0,45.0
107.0,71.0,20.0
107.0,64.0,46.0
107.0,84.0,5.0
107.0,80.0,13.0
107.0,76.0,40.0
107.0,112.0,15.0
107.0,85.0,24.0
107.0,108.0,12.0
107.0,81.0,13.0
107.0,60.0,29.0
107.0,93.0,36.0
107.0,97.0,31.0
108.0,72.0,26.0
108.0,89.0,23.0
108.0,85.0,26.0
108.0,88.0,20.0
108.0,88.0,34.0
108.0,96.0,19.0
108.0,98.0,19.0
108.0,60.0,24.0
108.0,84.0,45.0
109.0,102.0,12.0
109.0,91.0,21.0
109.0,104.0,11.0
109.0,101.0,31.0
109.0,93.0,27.0
109.0,78.0,22.0
109.0,88.0,25.0
110.0,95.0,16.0
110.0,91.0,12.0
110.0,100.0,16.0
110.0,89.0,16.0
110.0,79.0,33.0
110.0,82.0,42.0
110.0,96.0,8.0
110.0,110.0,10.0
110.0,83.0,26.0
111.0,101.0,22.0
111.0,98.0,23.0
111.0,97.0,26.0
111.0,104.0,23.0
111.0,114.0,30.0
112.0,83.0,16.0
112.0,99.0,18.0
113.0,111.0,49.0
115.0,115.0,19.0
115.0,122.0,17.0
115.0,117.0,14.0
118.0,111.0,42.0
119.0,130.0,27.0
119.0,89.0,47.0
120.0,147.0,26.0
122.0,117.0,22.0
122.0,128.0,61.0
124.0,156.0,1.0
125.0,115.0,49.0
130.0,150.0,4.0
139.0,204.0,12.0
